Z	N	sc
0	1	-3.4313068018900026
1	0	-3.4313068018900026
1	1	-5.400135230011458
1	2	-4.717480345768095
2	1	-4.717480345768095
3	0	3.5999992288996765
1	3	1.5505355486958194
2	2	-4.286137775660649
3	1	1.5505355486958194
1	4	1.439369071685718
2	3	1.439369071685718
3	2	1.439369071685718
4	1	1.439369071685718
1	5	-2.272345811096784
2	4	1.3544800332370528
3	3	5.76306252079479
4	2	1.3544800332370528
5	1	-2.272345811096784
1	6	-2.158558160230001
2	5	-2.158558160230001
3	4	5.474408324757064
4	3	5.474408324757064
5	2	-2.158558160230001
2	6	-2.0646089086378367
3	5	1.8727324747179352
4	4	5.236076907878072
5	3	1.8727324747179352
6	2	-2.0646089086378367
2	7	-3.6191541344275606
3	6	1.8006161055299685
4	5	1.8006161055299685
5	4	1.8006161055299685
6	3	1.8006161055299685
2	8	-3.494276129334139
3	7	0.309508577467966
4	6	1.7384612050635724
5	5	-1.4308407743570513
6	4	1.7384612050635724
7	3	0.309508577467966
3	8	0.29981723058597254
4	7	0.29981723058597254
5	6	-1.386117743321563
6	5	-1.386117743321563
7	4	0.29981723058597254
8	3	0.29981723058597254
3	9	3.9218361198368257
4	8	0.2912342379423194
5	7	-2.814356662444027
6	6	-1.3465116544813327
7	5	-2.814356662444027
8	4	0.2912342379423194
3	10	3.818598492905892
4	9	3.818598492905892
5	8	-2.74028132913179
6	7	-2.74028132913179
7	6	-2.74028132913179
8	5	-2.74028132913179
9	4	3.818598492905892
4	10	3.7254405944938753
5	9	0.8269011588949979
6	8	-2.6734386415608924
7	7	-4.181465347232745
8	6	-2.6734386415608924
9	5	0.8269011588949979
4	11	4.128025901427009
5	10	0.8080801336353716
6	9	0.8080801336353716
7	8	-4.086416708433944
8	7	-4.086416708433944
9	6	0.8080801336353716
10	5	0.8080801336353716
4	12	4.040169864478571
5	11	1.252876318346921
6	10	0.7908613548286212
7	9	-1.1583931584169136
8	8	-3.9994621486418964
9	7	-1.1583931584169136
10	6	0.7908613548286212
5	12	1.227792319096352
6	11	1.227792319096352
7	10	-1.1352289613734001
8	9	-1.1352289613734001
9	8	-1.1352289613734001
10	7	-1.1352289613734001
11	6	1.227792319096352
5	13	-0.6934709121676974
6	12	1.2046019191325286
7	11	-0.669249956030626
8	10	-1.1138139380674374
9	9	1.9933353297355438
10	8	-1.1138139380674374
11	7	-0.669249956030626
5	14	-0.6811078189821842
6	13	-0.6811078189821842
7	12	-0.6573062389748543
8	11	-0.6573062389748543
9	10	1.9577530965614756
10	9	1.9577530965614756
11	8	-0.6573062389748543
12	7	-0.6573062389748543
5	15	-1.3278547367444276
6	14	-0.6695835588931232
7	13	-2.4173899882488286
8	12	-0.6461727022434616
9	11	2.367357301987738
10	10	1.9245843917707361
11	9	2.367357301987738
12	8	-0.6461727022434616
5	16	-1.3064544863844958
6	15	-1.3064544863844958
7	14	-2.378410940768447
8	13	-2.378410940768447
9	12	2.329176063226555
10	11	2.329176063226555
11	10	2.329176063226555
12	9	2.329176063226555
13	8	-2.378410940768447
6	16	-1.2863718442617937
7	15	-2.859017007902594
8	14	-2.3418315477570104
9	13	0.5134370687650858
10	12	2.2933452361922377
11	11	2.728888594673492
12	10	2.2933452361922377
13	9	0.5134370687650858
14	8	-2.3418315477570104
6	17	0.4208036040871548
7	16	-2.816987041700486
8	15	-2.816987041700486
9	14	0.5058908216648774
10	13	0.5058908216648774
11	12	2.6887455408185588
12	11	2.6887455408185588
13	10	0.5058908216648774
14	9	0.5058908216648774
7	17	-0.9116688676126614
8	16	-2.777325795057152
9	15	0.05653591606045438
10	14	0.49876988880674844
11	13	0.7742162562587964
12	12	2.6508645190376683
13	11	0.7742162562587964
14	10	0.49876988880674844
15	9	0.05653591606045438
7	18	-0.8993692677956915
8	17	-0.8993692677956915
9	16	0.05577663449639658
10	15	0.05577663449639658
11	14	0.7637439566890407
12	13	0.7637439566890407
13	12	0.7637439566890407
14	11	0.7637439566890407
15	10	0.05577663449639658
8	18	-0.8877089998537713
9	17	2.019576712298772
10	16	0.05505686285550837
11	15	0.29976604432954446
12	14	0.7538156765637609
13	13	-0.9713621498289058
14	12	0.7538156765637609
15	11	0.29976604432954446
16	10	0.05505686285550837
8	19	-0.705042833280686
9	18	1.9943478313851983
10	17	1.9943478313851983
11	16	0.2960025605134433
12	15	0.2960025605134433
13	14	-0.9592264017161369
14	13	-0.9592264017161369
15	12	0.2960025605134433
16	11	0.2960025605134433
8	20	-0.6965680597585333
9	19	2.140583266480121
10	18	1.9703352194285344
11	17	2.2215384636357385
12	16	0.29242029623105736
13	15	-1.531890745306896
14	14	-0.9476756958868577
15	13	-1.531890745306896
16	12	0.29242029623105736
17	11	2.2215384636357385
9	20	2.1157069700645934
10	19	2.1157069700645934
11	18	2.1956931725612776
12	17	2.1956931725612776
13	16	-1.514082349252817
14	15	-1.514082349252817
15	14	-1.514082349252817
16	13	-1.514082349252817
17	12	2.1956931725612776
18	11	2.1956931725612776
9	21	2.8908464050283555
10	20	2.091949050667381
11	19	2.3394421342266014
12	18	2.1710095256555633
13	17	0.23914228977025687
14	16	-1.4970745137735548
15	15	-2.1504943091034647
16	14	-1.4970745137735548
17	13	0.23914228977025687
18	12	2.1710095256555633
9	22	2.8594376515183058
10	21	2.8594376515183058
11	20	2.313998009756915
12	19	2.313998009756915
13	18	0.23653221062897956
14	17	0.23653221062897956
15	16	-2.127130201854129
16	15	-2.127130201854129
17	14	0.23653221062897956
18	13	0.23653221062897956
19	12	2.313998009756915
10	22	2.8293517030981548
11	21	3.0709840181965546
12	20	2.2896252267230466
13	19	0.39686408999898504
14	18	0.23403194226966662
15	17	-0.7311663598349014
16	16	-2.10475010381208
17	15	-0.7311663598349014
18	14	0.23403194226966662
19	13	0.39686408999898504
10	23	2.439313890115841
11	22	3.039633146096662
12	21	3.039633146096662
13	20	0.39280309939897506
14	19	0.39280309939897506
15	18	-0.7237114257709436
16	17	-0.7237114257709436
17	16	-0.7237114257709436
18	15	-0.7237114257709436
19	14	0.39280309939897506
20	13	0.39280309939897506
10	24	2.41517556361282
11	23	2.652184641730514
12	22	3.009523925800977
13	21	1.1551560948219048
14	20	0.38890285824322746
15	19	-0.5550124600450772
16	18	-0.7165518303376075
17	17	0.7796174290562021
18	16	-0.7165518303376075
19	15	-0.5550124600450772
20	14	0.38890285824322746
11	24	2.626669316784046
12	23	2.626669316784046
13	22	1.144037745814785
14	21	1.144037745814785
15	20	-0.5496842402685616
16	19	-0.5496842402685616
17	18	0.7721306643037451
18	17	0.7721306643037451
19	16	-0.5496842402685616
20	15	-0.5496842402685616
21	14	1.144037745814785
11	25	1.2273022363655173
12	24	2.6021078308612005
13	23	0.7824796611427018
14	22	1.1333349903251246
15	21	0.2067236668259511
16	20	-0.5445553025676872
17	19	0.929013458109921
18	18	0.7649238950427844
19	17	0.929013458109921
20	16	-0.5445553025676872
21	15	0.2067236668259511
11	26	1.2161328084619072
12	25	1.2161328084619072
13	24	0.7753557228819545
14	23	0.7753557228819545
15	22	0.20483647603043664
16	21	0.20483647603043664
17	20	0.9205706923598882
18	19	0.9205706923598882
19	18	0.9205706923598882
20	17	0.9205706923598882
21	16	0.20483647603043664
22	15	0.20483647603043664
11	27	-1.0903550057272469
12	26	1.2053587008268778
13	25	-0.5817636642285606
14	24	0.7684839014115141
15	23	-0.1413187143449477
16	22	0.20301603129223622
17	21	1.6486833689833702
18	20	0.9124268404493705
19	19	1.0818970979320284
20	18	0.9124268404493705
21	17	1.6486833689833702
22	16	0.20301603129223622
11	28	-1.0809659706245611
12	27	-1.0809659706245611
13	26	-0.5767579327823569
14	25	-0.5767579327823569
15	24	-0.14010820480734765
16	23	-0.14010820480734765
17	22	1.634474826118435
18	21	1.634474826118435
19	20	1.0725617667590086
20	19	1.0725617667590086
21	18	1.634474826118435
22	17	1.634474826118435
23	16	-0.14010820480734765
12	28	-1.0718926456416966
13	27	-2.8286679881413193
14	26	-0.5719205496170616
15	25	-1.4662986560128957
16	24	-0.1389384483277354
17	23	1.283173323645883
18	22	1.6207439599849067
19	21	1.7822889892299827
20	20	1.0635401903806496
21	19	1.7822889892299827
22	18	1.6207439599849067
23	17	1.283173323645883
12	29	0.4650878737872972
13	28	-2.8054905110820982
14	27	-2.8054905110820982
15	26	-1.4542868218998137
16	25	-1.4542868218998137
17	24	1.2726588116718176
18	23	1.2726588116718176
19	22	1.7676763497474894
20	21	1.7676763497474894
21	20	1.7676763497474894
22	19	1.7676763497474894
23	18	1.2726588116718176
24	17	1.2726588116718176
13	29	-1.2146040345855909
14	28	-2.78305483753752
15	27	-3.663048711793863
16	26	-1.442659450887163
17	25	-0.043410907131146814
18	24	1.2624808176718716
19	23	1.4247999057782863
20	22	1.753531327397809
21	21	2.4542661359573685
22	20	1.753531327397809
23	19	1.4247999057782863
24	18	1.2624808176718716
13	30	-1.2051268311415697
14	29	-1.2051268311415697
15	28	-3.634437220506129
16	27	-3.634437220506129
17	26	-0.04306816617474851
18	25	-0.04306816617474851
19	24	1.4136620596345892
20	23	1.4136620596345892
21	22	2.435096506632817
22	21	2.435096506632817
23	20	1.4136620596345892
24	19	1.4136620596345892
25	18	-0.04306816617474851
14	30	-1.1959391127230674
15	29	-2.014358777070356
16	28	-3.6066994733293996
17	27	-2.229109149244323
18	26	-0.04273586594899825
19	25	0.11754934789678373
20	24	1.4028642803617686
21	23	2.099155952527326
22	22	2.4165122866093043
23	21	2.099155952527326
24	20	1.4028642803617686
25	19	0.11754934789678373
14	31	-0.6505571561056058
15	30	-1.999337219546419
16	29	-1.999337219546419
17	28	-2.212469770000098
18	27	-2.212469770000098
19	26	0.11666562685627468
20	25	0.11666562685627468
21	24	2.0834886063926206
22	23	2.0834886063926206
23	22	2.0834886063926206
24	21	2.0834886063926206
25	20	0.11666562685627468
26	19	0.11666562685627468
15	31	-1.391611803859746
16	30	-1.9847543522374735
17	29	-0.6113215391442282
18	28	-2.1963162182469205
19	27	-2.0388122375636613
20	26	0.11580766600150127
21	25	0.8018672296961995
22	24	2.068278720364674
23	23	1.7493537961515813
24	22	2.068278720364674
25	21	0.8018672296961995
26	20	0.11580766600150127
15	32	-1.3816840305747746
16	31	-1.3816840305747746
17	30	-0.6069464943136609
18	29	-0.6069464943136609
19	28	-2.0242547369015256
20	27	-2.0242547369015256
21	26	0.7961375463385139
22	25	0.7961375463385139
23	24	1.736853614268739
24	23	1.736853614268739
25	22	0.7961375463385139
26	21	0.7961375463385139
27	20	-2.0242547369015256
16	32	-1.3720340534725892
17	31	0.03724891894182747
18	30	-0.6026937823304479
19	29	-0.4438072867445726
20	28	-2.010104500842772
21	27	-1.3337003347313612
22	26	0.7905681312564639
23	25	0.4761297821607968
24	24	1.7247030799505865
25	23	0.4761297821607968
26	22	0.7905681312564639
27	21	-1.3337003347313612
28	20	-2.010104500842772
16	33	0.6582452636846483
17	32	0.03699933089114893
18	31	0.03699933089114893
19	30	-0.44076953146100095
20	29	-0.44076953146100095
21	28	-1.3245666132429506
22	27	-1.3245666132429506
23	26	0.4728637972626757
24	25	0.4728637972626757
25	24	0.4728637972626757
26	23	0.4728637972626757
27	22	-1.3245666132429506
28	21	-1.3245666132429506
17	33	2.1213007842029583
18	32	0.03675647727050091
19	31	0.22713477923207392
20	30	-0.43781334409732153
21	29	0.19324464633723437
22	28	-1.3156781144318757
23	27	-1.6258725325136538
24	26	0.4696854655151128
25	25	-0.7620140888905098
26	24	0.4696854655151128
27	23	-1.6258725325136538
28	22	-1.3156781144318757
17	34	2.1073597390416126
18	33	2.1073597390416126
19	32	0.22563582152292838
20	31	0.22563582152292838
21	30	0.19198141596143614
22	29	0.19198141596143614
23	28	-1.6151799789907955
24	27	-1.6151799789907955
25	26	-0.7570057432700423
26	25	-0.7570057432700423
27	24	-1.6151799789907955
28	23	-1.6151799789907955
17	35	3.2618110532553146
18	34	2.093778569387837
19	33	2.3540470730553125
20	32	0.22417552134334073
21	31	0.8501338532392992
22	30	0.1907508356116523
23	29	-0.16164725627334064
24	28	-1.604763401064588
25	27	-2.8204659581459737
26	26	-0.7521266812850627
27	25	-2.8204659581459737
28	24	-1.604763401064588
29	23	-0.16164725627334064
18	35	3.2411789267101767
19	34	2.3391493061454867
20	33	2.3391493061454867
21	32	0.8447608800947819
22	31	0.8447608800947819
23	30	-0.1606238855212041
24	29	-0.1606238855212041
25	28	-2.8026190497688503
26	27	-2.8026190497688503
27	26	-2.8026190497688503
28	25	-2.8026190497688503
29	24	-0.1606238855212041
18	36	3.221059494380256
19	35	3.489945911345785
20	34	2.324621696294571
21	33	3.000726296354742
22	32	0.8395214481757876
23	31	0.47803589449540596
24	30	-0.1596259390414616
25	29	-1.4370008122725721
26	28	-2.7852155890265067
27	27	-4.8276973282754625
28	26	-2.7852155890265067
29	25	-1.4370008122725721
30	24	-0.1596259390414616
19	36	3.4686645367398796
20	35	3.4686645367398796
21	34	2.9824353949045417
22	33	2.9824353949045417
23	32	0.475115376551571
24	31	0.475115376551571
25	30	-1.4282404420761168
26	29	-1.4282404420761168
27	28	-4.798263630964584
28	27	-4.798263630964584
29	26	-1.4282404420761168
30	25	-1.4282404420761168
19	37	3.7971990070104766
20	36	3.44789291362963
21	35	4.116380121698512
22	34	2.964582653268053
23	33	2.603288822730974
24	32	0.47226478378627235
25	31	-0.8473110135835213
26	30	-1.4196899201092492
27	29	-3.5383954885926414
28	28	-4.769534984945267
29	27	-3.5383954885926414
30	26	-1.4196899201092492
31	25	-0.8473110135835213
19	38	3.7748542333515616
20	37	3.7748542333515616
21	36	4.092176033668011
22	35	4.092176033668011
23	34	2.587972513903196
24	33	2.587972513903196
25	32	-0.8423350037360251
26	31	-0.8423350037360251
27	30	-3.5175828375165565
28	29	-3.5175828375165565
29	28	-3.5175828375165565
30	27	-3.5175828375165565
31	26	-0.8423350037360251
19	39	3.848409463005055
20	38	3.7530260813821315
21	37	4.426588351432201
22	36	4.068531654937715
23	35	3.7311549083490263
24	34	2.573010340527617
25	33	1.2278846384128883
26	32	-0.8374740937526894
27	31	-3.021264756172286
28	30	-3.497251431597988
29	29	-2.119356372976881
30	28	-3.497251431597988
31	27	-3.021264756172286
32	26	-0.8374740937526894
19	40	3.826534322480711
20	39	3.826534322480711
21	38	4.401444967984844
22	37	4.401444967984844
23	36	3.7099487676662193
24	35	3.7099487676662193
25	34	1.2209038855328345
26	33	1.2209038855328345
27	32	-3.0041067678064337
28	31	-3.0041067678064337
29	30	-2.107303462159507
30	29	-2.107303462159507
31	28	-3.0041067678064337
32	27	-3.0041067678064337
20	40	3.805147985921394
21	39	4.4746595145470565
22	38	4.376863510948624
23	37	4.065209956565695
24	36	3.6892164950718325
25	35	2.359237579974433
26	34	1.2140791133888342
27	33	-1.0316289855056766
28	32	-2.9873322554922197
29	31	-1.7479258408152418
30	30	-2.095519844072669
31	29	-1.7479258408152418
32	28	-2.9873322554922197
33	27	-1.0316289855056766
20	41	3.6303753370998493
21	40	4.450078060968053
22	39	4.450078060968053
23	38	4.042863255636576
24	37	4.042863255636576
25	36	2.3462684824521602
26	35	2.3462684824521602
27	34	-1.0259656695682224
28	33	-1.0259656695682224
29	32	-1.738315047614833
30	31	-1.738315047614833
31	30	-1.738315047614833
32	29	-1.738315047614833
33	28	-1.0259656695682224
21	41	4.274948107402679
22	40	4.426028141993129
23	39	4.113186341425944
24	38	4.020999695405408
25	37	2.713449542632816
26	36	2.3335797791714867
27	35	0.10855853080988709
28	34	-1.0204248318646023
29	33	0.07330475903563638
30	32	-1.7289120299942624
31	31	-1.2634954418347206
32	30	-1.7289120299942624
33	29	0.07330475903563638
21	42	4.252211924003859
22	41	4.252211924003859
23	40	4.091297193621585
24	39	4.091297193621585
25	38	2.6990070932297385
26	37	2.6990070932297385
27	36	0.10797353131056298
28	35	0.10797353131056298
29	34	0.07292448108682947
30	33	0.07292448108682947
31	32	-1.2567649570430603
32	31	-1.2567649570430603
33	30	0.07292448108682947
34	29	0.07292448108682947
22	42	4.229951922703549
23	41	3.917942951401301
24	40	4.069866425172904
25	39	2.7757387278359147
26	38	2.6848670723441046
27	37	0.48372067114132733
28	36	0.10740074910108888
29	35	1.176158692957415
30	34	0.07255221245031862
31	33	0.3737671605890682
32	32	-1.2501753820445174
33	31	0.3737671605890682
34	30	0.07255221245031862
22	43	3.45110536730499
23	42	3.8977370085874554
24	41	3.8977370085874554
25	40	2.761421675018937
26	39	2.761421675018937
27	38	0.4812154569167433
28	37	0.4812154569167433
29	36	1.1701041108199206
30	35	1.1701041108199206
31	34	0.3718458891419232
32	33	0.3718458891419232
33	32	0.3718458891419232
34	31	0.3718458891419232
35	30	1.1701041108199206
23	43	3.121046562846459
24	42	3.877941306174762
25	41	2.596893597569533
26	40	2.7473952933426062
27	39	0.568705132137211
28	38	0.4787610594412399
29	37	1.5195892713234116
30	36	1.1641725053268601
31	35	1.434308473984629
32	34	0.3699636539599851
33	33	2.178783003909075
34	32	0.3699636539599851
35	31	1.434308473984629
23	44	3.1054309833289153
24	43	3.1054309833289153
25	42	2.5839001981826186
26	41	2.5839001981826186
27	40	0.5658499190897146
28	39	0.5658499190897146
29	38	1.5119970422142615
30	37	1.5119970422142615
31	36	1.4271448364781918
32	35	1.4271448364781918
33	34	2.167899007173901
34	33	2.167899007173901
35	32	1.4271448364781918
36	31	1.4271448364781918
24	44	3.0901230648619276
25	43	1.8214920856351
26	42	2.571162796354429
27	41	0.4140393637012494
28	40	0.5630509181401067
29	39	1.593943654674149
30	38	1.5045544435952252
31	37	1.7675191007724607
32	36	1.4201223947011385
33	35	3.1932779686699178
34	34	2.1572295237433536
35	33	3.1932779686699178
36	32	1.4201223947011385
24	45	1.7567374243080849
25	44	1.812641137460787
26	43	1.812641137460787
27	42	0.4120179980068315
28	41	0.4120179980068315
29	40	1.586211314952152
30	39	1.586211314952152
31	38	1.758932174646361
32	37	1.758932174646361
33	36	3.17778564707487
34	35	3.17778564707487
35	34	3.17778564707487
36	33	3.17778564707487
24	46	1.7483220875815277
25	45	0.49191255504592846
26	44	1.8039595542597908
27	43	-0.33242677957287015
28	42	0.4100352723460219
29	41	1.4311736711035792
30	40	1.578626989444274
31	39	1.8433798485566513
32	38	1.7505095670935589
33	37	3.4390120930404464
34	36	3.1625898767106264
35	35	4.190571748955563
36	34	3.1625898767106264
25	46	0.4895837577405473
26	45	0.4895837577405473
27	44	-0.3308699879130472
28	43	-0.3308699879130472
29	42	1.4244278867899993
30	41	1.4244278867899993
31	40	1.8346754004257946
32	39	1.8346754004257946
33	38	3.4227975739379417
34	37	3.4227975739379417
35	36	4.170819248611906
36	35	4.170819248611906
37	34	3.4227975739379417
25	47	-1.3546741224715788
26	46	0.48729825415102823
27	45	-1.6291263264683948
28	44	-0.3293422059114164
29	43	0.682548692844648
30	42	1.4178076298514952
31	41	1.682383363161307
32	40	1.8261328609019074
33	39	3.4945856015272057
34	38	3.4068847587852815
35	37	4.384285019281833
36	36	4.151434307689442
37	35	4.384285019281833
25	48	-1.3484681394352265
26	47	-1.3484681394352265
27	46	-1.621664206146761
28	45	-1.621664206146761
29	44	0.6794224487373413
30	43	0.6794224487373413
31	42	1.6746554663236566
32	41	1.6746554663236566
33	40	3.4785621610831186
34	39	3.4785621610831186
35	38	4.3641794988636775
36	37	4.3641794988636775
37	36	4.3641794988636775
38	35	4.3641794988636775
26	48	-1.342374516593054
27	47	-3.439563341380108
28	46	-1.6143371931343609
29	45	-0.6116338739543608
30	44	0.6763528087212762
31	43	0.9268768337565234
32	42	1.6670674014217184
33	41	3.318081123374668
34	40	3.462828772629564
35	39	4.432366002745312
36	38	4.344437913023512
37	37	4.668650014654077
38	36	4.344437913023512
26	49	-3.669756803908058
27	48	-3.424218725007222
28	47	-3.424218725007222
29	46	-0.6088986502459193
30	45	-0.6088986502459193
31	44	0.9227339036560807
32	43	0.9227339036560807
33	42	3.3032748004854966
34	41	3.3032748004854966
35	40	4.412583507954423
36	39	4.412583507954423
37	38	4.6477987586974905
38	37	4.6477987586974905
39	36	4.412583507954423
26	50	-3.6535981893605367
27	49	-5.732232275393699
28	48	-3.4091445453359484
29	47	-2.4154069855117086
30	46	-0.606211607125033
31	45	-0.35782139579396244
32	44	0.9186639587533136
33	43	2.566601828535795
34	42	3.288729414116915
35	41	4.250158903718329
36	40	4.3931496315358345
37	39	4.697123041033137
38	38	4.627314897721362
39	37	4.697123041033137
27	50	-5.707319744202323
28	49	-5.707319744202323
29	48	-2.4049003726122464
30	47	-2.4049003726122464
31	46	-0.3562706930204058
32	45	-0.3562706930204058
33	44	2.555448893587254
34	43	2.555448893587254
35	42	4.231684312930611
36	41	4.231684312930611
37	40	4.676696596500733
38	39	4.676696596500733
39	38	4.676696596500733
40	37	4.676696596500733
27	51	-3.505227472374372
28	50	-5.682834943950411
29	49	-4.697772361746274
30	48	-2.3945741167628967
31	47	-2.148643728643492
32	46	-0.35474663147306273
33	45	1.278905143049542
34	44	2.5444874534989594
35	43	3.4986241058265932
36	42	4.213526907051801
37	41	4.51664740112642
38	40	4.656620812992514
39	39	4.746180585328148
40	38	4.656620812992514
28	51	-3.490385899695184
29	50	-4.677861546287659
30	49	-4.677861546287659
31	48	-2.1395439262232685
32	47	-2.1395439262232685
33	46	1.2734922300296603
34	45	1.2734922300296603
35	44	3.483802847590823
36	43	3.483802847590823
37	42	4.4975035944517
38	41	4.4975035944517
39	40	4.726063098564964
40	39	4.726063098564964
41	38	4.4975035944517
28	52	-3.4757927668331376
29	51	-2.4719608446841903
30	50	-4.658283955506249
31	49	-4.414855518151398
32	48	-2.1305964422383568
33	47	-0.5103547278961287
34	46	1.2681699345646393
35	45	2.2143833524355614
36	44	3.469229662588077
37	43	3.763138427466174
38	42	4.4786801731379455
39	41	4.567482402712358
40	40	4.70628228930741
41	39	4.567482402712358
28	53	-1.8539358210878163
29	52	-2.461738404729658
30	51	-2.461738404729658
31	50	-4.396616399264076
32	49	-4.396616399264076
33	48	-0.5082395541967344
34	47	-0.5082395541967344
35	46	2.2052363209372743
36	45	2.2052363209372743
37	44	3.7475853750202077
38	43	3.7475853750202077
39	42	4.548600718694161
40	41	4.548600718694161
41	40	4.548600718694161
42	39	4.548600718694161
28	54	-1.8463742620479024
29	53	-0.8384355946379856
30	52	-2.4516828380774314
31	51	-2.1818388820722703
32	50	-4.378675083057715
33	49	-2.771280219408254
34	48	-0.506158892215808
35	47	0.4319991344027585
36	46	2.1962386442965
37	45	2.4877257884199935
38	44	3.7322862452683694
39	43	3.817249410786644
40	42	4.530027285397864
41	41	4.392362424623343
42	40	4.530027285397864
29	54	-0.8350488647911334
30	53	-0.8350488647911334
31	52	-2.1730406964045414
32	51	-2.1730406964045414
33	50	-2.7600993115252095
34	49	-2.7600993115252095
35	48	0.4302607764595905
36	47	0.4302607764595905
37	46	2.477691741488343
38	45	2.477691741488343
39	44	3.8018535750193223
40	43	3.8018535750193223
41	42	4.374642297788341
42	41	4.374642297788341
43	40	3.8018535750193223
29	55	0.16764846154001134
30	54	-0.8317160879746552
31	53	-0.5632508339613196
32	52	-2.1643827226539543
33	51	-0.5333750076583783
34	50	-2.749096566870776
35	49	-1.8188582258057977
36	48	0.4285501349122569
37	47	0.7176930680041096
38	46	2.467817593077598
39	45	2.55209930629303
40	44	3.786703083524799
41	43	3.648400719993333
42	42	4.357204537390771
43	41	3.648400719993333
30	55	0.16699750172620043
31	54	-0.5610354975326572
32	53	-0.5610354975326572
33	52	-0.5312702755936698
34	51	-0.5312702755936698
35	50	-1.8116934182964997
36	49	-1.8116934182964997
37	48	0.7148649664563891
38	47	0.7148649664563891
39	46	2.542047978692608
40	45	2.542047978692608
41	44	3.63403291483678
42	43	3.63403291483678
43	42	3.63403291483678
44	41	3.63403291483678
30	56	0.16635670427626792
31	55	0.4703755077948699
32	54	-0.5588546497856441
33	53	1.0454583411951717
34	52	-0.5291982867029219
35	51	0.4098595328318879
36	50	-1.8046401136755321
37	49	-1.5177682140608795
38	48	0.7120808744653004
39	47	0.7957024205677499
40	46	2.532153082685909
41	45	2.3949304562947873
42	44	3.6198887239945634
43	43	2.927871709525789
44	42	3.6198887239945634
31	56	0.4685670755090996
32	55	0.4685670755090996
33	54	1.041448080927239
34	53	1.041448080927239
35	52	0.40828805383466715
36	51	0.40828805383466715
37	50	-1.5119327188626812
38	49	-1.5119327188626812
39	48	0.7926386928877491
40	47	0.7926386928877491
41	46	2.3857151718614205
42	45	2.3857151718614205
43	44	2.9166058894520575
44	43	2.9166058894520575
31	57	1.9956513414222172
32	56	0.46678615059818185
33	55	2.107370450874896
34	54	1.0374988492294506
35	53	1.979493253085593
36	52	0.4067404921217985
37	51	0.6935640138133294
38	50	-1.5061859848465247
39	49	-1.4232044579441663
40	48	0.7896215518205736
41	47	0.6534456860251794
42	46	2.3766400333581714
43	45	1.689904101082675
44	44	2.905511400233081
45	43	1.689904101082675
32	57	1.988150575297368
33	56	2.0994546507563427
34	55	2.0994546507563427
35	54	1.972055982885422
36	53	1.972055982885422
37	52	0.6909593658233462
38	51	0.6909593658233462
39	50	-1.4178569352613977
40	49	-1.4178569352613977
41	48	0.6509854632377028
42	47	0.6509854632377028
43	46	1.6835463193549458
44	45	1.6835463193549458
45	44	1.6835463193549458
32	58	1.9807613518523794
33	57	3.6101628308974796
34	56	2.0916565806992367
35	55	3.047923080028795
36	54	1.964729319945036
37	53	2.25145491598073
38	52	0.6883934580318964
39	51	0.7695693256987397
40	50	-1.412588940217347
41	49	-1.5477492990457904
42	48	0.6485618126889676
43	47	-0.03305070281862754
44	46	1.6772830636564322
45	45	0.470747580033958
46	44	1.6772830636564322
33	58	3.5968968223407956
34	57	3.5968968223407956
35	56	3.0367243125617733
36	55	3.0367243125617733
37	54	2.2431781054510793
38	53	2.2431781054510793
39	52	0.7667410893770921
40	51	0.7667410893770921
41	50	-1.5420622477788584
42	49	-1.5420622477788584
43	48	-0.03293359750773561
44	47	-0.03293359750773561
45	46	0.4690121418113904
46	45	0.4690121418113904
33	59	4.645805021417573
34	58	3.5838237975681295
35	57	4.532941413406206
36	56	3.0256884604098104
37	55	3.3365897171215693
38	54	2.2350216887075476
39	53	2.3121845067566937
40	52	0.7639539949395839
41	51	0.6150373061352639
42	50	-1.5364579286324442
43	49	-2.213096635974125
44	48	-0.03281820926167711
45	47	-1.2305467657547524
46	46	0.46730193201597103
47	45	-1.2305467657547524
34	59	4.629099661337932
35	58	4.516642900182205
36	57	4.516642900182205
37	56	3.3245897208344104
38	55	3.3245897208344104
39	54	2.3038678620089286
40	53	2.3038678620089286
41	52	0.612824963653793
42	51	0.612824963653793
43	50	-2.20513980586702
44	49	-2.20513980586702
45	48	-1.2261247443507273
46	47	-1.2261247443507273
47	46	-1.2261247443507273
34	60	4.612632122222976
35	59	5.556091736229519
36	58	4.500576419444087
37	57	4.808297634727296
38	56	3.312760552317968
39	55	3.4093853857373233
40	54	2.2956696074140837
41	53	2.1453120142500666
42	52	0.6106441140600509
43	51	-0.08824488699679023
44	50	-2.197296254085586
45	49	-3.386469526250039
46	48	-1.2217656842381075
47	47	-2.907486048256942
48	46	-1.2217656842381075
34	61	5.065878056341717
35	60	5.536534124539685
36	59	5.536534124539685
37	58	4.791370099567075
38	57	4.791370099567075
39	56	3.3973793258769547
40	55	3.3973793258769547
41	54	2.1377588332065898
42	53	2.1377588332065898
43	52	-0.08793643970557241
44	51	-0.08793643970557241
45	50	-3.3745493008138965
46	49	-3.3745493008138965
47	48	-2.8972525006547585
48	47	-2.8972525006547585
35	61	6.027738819509295
36	60	5.517249115028562
37	59	5.825114743823633
38	58	4.774678501065864
39	57	4.8704736952793155
40	56	3.3855405968101877
41	55	3.2420350492254784
42	54	2.1303109270681944
43	53	1.432922007412344
44	52	-0.08763229828446129
45	51	-1.3106788981790487
46	50	-3.362795225245918
47	49	-5.036726526502207
48	48	-2.887161595167754
49	47	-5.036726526502207
35	62	6.006962418796775
36	61	6.006962418796775
37	60	5.805029418877439
38	59	5.805029418877439
39	58	4.853678791170296
40	57	4.853678791170296
41	56	3.2308517592618955
42	55	3.2308517592618955
43	54	1.4279811279645855
44	53	1.4279811279645855
45	52	-1.3061623557016446
46	51	-1.3061623557016446
47	50	-5.019362157895557
48	49	-5.019362157895557
49	48	-5.019362157895557
35	63	6.0186143776288645
36	62	5.986469685117299
37	61	6.328953275379035
38	60	5.7852183038082785
39	59	5.879635910327579
40	58	4.837113171749252
41	57	4.694405850864314
42	56	3.219821132988045
43	55	2.511190353887514
44	54	1.423107702876905
45	53	0.20700703597094616
46	52	-1.3017074823183066
47	51	-3.020342811565797
48	50	-5.002234859614646
49	49	-7.137075664205213
36	63	5.998288832104663
37	62	6.307578679950211
38	61	6.307578679950211
39	60	5.859770543717332
40	59	5.859770543717332
41	58	4.678543576851098
42	57	4.678543576851098
43	56	2.5027026730795114
44	55	2.5027026730795114
45	54	0.20630795476654384
46	53	0.20630795476654384
47	52	-3.0101418753988582
48	51	-3.0101418753988582
49	50	-7.1129671688690905
50	49	-7.1129671688690905
36	64	5.978235225844401
37	63	6.3336937183005375
38	62	6.286490057190349
39	61	6.435883679401286
40	60	5.840170933018044
41	59	5.693378149361706
42	58	4.662893501965073
43	57	3.9603661672142607
44	56	2.4943285304116216
45	55	1.2573373481370709
46	54	0.20561822719378142
47	53	-1.501691063951057
48	52	-3.0000774168379394
49	51	-5.189224980035988
50	50	-7.089181209005119
36	65	6.3214733049724146
37	64	6.312719520423116
38	63	6.312719520423116
39	62	6.414570463784912
40	61	6.414570463784912
41	60	5.67452363203347
42	59	5.67452363203347
43	58	3.9472486111894796
44	57	3.9472486111894796
45	56	1.2531690831256128
46	55	1.2531690831256128
47	54	-1.4967180293926958
48	53	-1.4967180293926958
49	52	-5.1720444912944
50	51	-5.1720444912944
37	65	6.6426006591800615
38	64	6.292020393079383
39	63	6.4289519792012015
40	62	6.39353676301198
41	61	6.285408847549434
42	60	5.655916384162083
43	59	4.9605251597208735
44	58	3.934303080696054
45	57	2.705448922951973
46	56	1.2490554712123867
47	55	-0.4933517125639355
48	54	-1.491810213838562
49	53	-3.6660872149648185
50	52	-5.155089330048895
51	51	-3.223622212044347
37	66	6.621038392830087
38	65	6.621038392830087
39	64	6.4080733198209145
40	63	6.4080733198209145
41	62	6.2649981353449675
42	61	6.2649981353449675
43	60	4.944415252718272
44	59	4.944415252718272
45	58	2.6966602576969763
46	57	2.6966602576969763
47	56	-0.4917550218649467
48	55	-0.4917550218649467
49	54	-3.65418343742067
50	53	-3.65418343742067
51	52	-3.21314957145637
37	67	6.5118693760030055
38	66	6.599753471514532
39	65	6.7445109677569235
40	64	6.3874631848555055
41	63	6.276357321956084
42	62	6.24484993430724
43	61	5.584430810160029
44	60	4.928512538259383
45	59	3.707306840120509
46	58	2.6879846187248404
47	57	0.956782387740077
48	56	-0.49017888128742015
49	55	-2.71339686304691
50	54	-3.6424327622398778
51	53	-1.7144284335502107
52	52	-3.2028116117965055
38	67	6.491127598580988
39	66	6.723028381985387
40	65	6.723028381985387
41	64	6.256364313664335
42	63	6.256364313664335
43	62	5.566637673928881
44	61	5.566637673928881
45	60	3.6954949352154927
46	59	3.6954949352154927
47	58	0.9537303701072233
48	57	0.9537303701072233
49	56	-2.7047603035375687
50	55	-2.7047603035375687
51	54	-1.7089641147540533
52	53	-1.7089641147540533
38	68	6.470647541369999
39	67	6.615318407132918
40	66	6.701816864522016
41	65	6.5939770098434565
42	64	6.23662357417993
43	63	5.5803747702516375
44	62	5.549069037669369
45	61	4.34120035523415
46	60	3.6838320647675573
47	59	1.9633103201927042
48	58	0.9507168513291617
49	57	-1.2584871307979029
50	56	-2.6962327366700265
51	55	-0.8777468140119709
52	54	-1.7035687354537004
53	53	-0.22588202646807076
38	69	5.859168214149577
39	68	6.594639437441856
40	67	6.594639437441856
41	66	6.573366967574884
42	65	6.573366967574884
43	64	5.562926783768944
44	63	5.562926783768944
45	62	4.327628971443573
46	61	4.327628971443573
47	60	1.9571696746888847
48	59	1.9571696746888847
49	58	-1.2545590137219733
50	57	-1.2545590137219733
51	56	-0.8749940862271615
52	55	-0.8749940862271615
53	54	-0.22517247035648325
39	69	6.005592158922127
40	68	6.574216541129317
41	67	6.475637762782526
42	66	6.553012151201074
43	65	5.9008805466860395
44	64	5.545694850026848
45	63	4.344166255751816
46	62	4.314225643512145
47	61	2.602661131355262
48	60	1.9511050618157242
49	59	-0.2446294182504971
50	58	-1.250679554497765
51	57	0.566524178364034
52	56	-0.8722754227253517
53	55	0.5095199279746794
54	54	-0.2244716916404741
39	70	5.987158731452382
40	69	5.987158731452382
41	68	6.4557688125823915
42	67	6.4557688125823915
43	66	5.882771130556648
44	65	5.882771130556648
45	64	4.33083513990664
46	63	4.33083513990664
47	62	2.5946714844230883
48	61	2.5946714844230883
49	60	-0.24388394537800195
50	59	-0.24388394537800195
51	58	0.5647909150582109
52	57	0.5647909150582109
53	56	0.5079634831347448
54	55	0.5079634831347448
40	70	5.968949391839942
41	69	5.9013673566660145
42	68	6.436141420349031
43	67	5.800148925697158
44	66	5.864881870645831
45	65	4.67139454670837
46	64	4.317666093025764
47	63	2.6165362245963024
48	62	2.5867789624142006
49	61	0.38495878839671605
50	60	-0.24314754824490592
51	59	1.5606729009339233
52	58	0.5630787365159904
53	57	1.9208326475693411
54	56	0.5064259785199283
40	71	4.989349519272309
41	70	5.883574992631338
42	69	5.883574992631338
43	68	5.782668307713948
44	67	5.782668307713948
45	66	4.657318888813734
46	65	4.657318888813734
47	64	2.60864876182859
48	63	2.60864876182859
49	62	0.38379280525759896
50	61	0.38379280525759896
51	60	1.5559776230868465
52	59	1.5559776230868465
53	58	1.9150565598340563
54	57	1.9150565598340563
55	56	1.4154265041770486
40	72	4.974450832355842
41	71	4.900796349277925
42	70	5.8659950335393205
43	69	5.219287745801921
44	68	5.765396390429714
45	67	4.587600941342771
46	66	4.643411287900108
47	65	2.9524723901240577
48	64	2.6008554635855035
49	63	0.41221902912252517
50	62	0.3826407289325289
51	61	2.13665200204332
52	60	1.551338422719482
53	59	2.913191853961507
54	58	1.9093494652297522
55	57	2.8357245915012754
40	73	3.628038082061039
41	72	4.886289231599676
42	71	4.886289231599676
43	70	5.203840370293619
44	69	5.203840370293619
45	68	4.574021919097504
46	67	4.574021919097504
47	66	2.9437311951585343
48	65	2.9437311951585343
49	64	0.4109926793842078
50	63	0.4109926793842078
51	62	2.130334492259408
52	61	2.130334492259408
53	60	2.9045769735487283
54	59	2.9045769735487283
55	58	2.827341840918052
56	57	2.827341840918052
41	73	3.5441669266106146
42	72	4.871952268611494
43	71	4.24778859520211
44	70	5.18857418425614
45	69	4.044323578068088
46	68	4.560602168614423
47	67	2.8878865702190524
48	66	2.9350925230417033
49	65	0.7593310169027063
50	64	0.40978069922607574
51	63	2.1534946439846863
52	62	2.124091098360168
53	61	3.4112420676831334
54	60	2.8960631584495786
55	59	3.800386344553772
56	58	2.8190574400487094
41	74	3.533856274447089
42	73	3.533856274447089
43	72	4.235434573419752
44	71	4.235434573419752
45	70	4.032558881574005
46	69	4.032558881574005
47	68	2.879484064525059
48	67	2.879484064525059
49	66	0.7571171499239426
50	65	0.7571171499239426
51	64	2.1378990889745637
52	63	2.1378990889745637
53	62	3.4013318085167157
54	61	3.4013318085167157
55	60	3.7893480843306406
56	59	3.7893480843306406
41	75	1.7953430114048388
42	74	3.5236644597923714
43	73	2.9028675086419753
44	72	4.223222949255614
45	71	3.0855819944422365
46	70	4.020929784264808
47	69	2.3724917836930217
48	68	2.871178401423549
49	67	0.7133531028528068
50	66	0.7549287882984572
51	65	2.488204955012179
52	64	2.1317466465350208
53	63	3.421904165601063
54	62	3.391535804541263
55	61	4.216922606053004
56	60	3.778437090929174
57	59	5.187023923532934
42	75	1.7902050121720094
43	74	2.894567852063119
44	73	2.894567852063119
45	72	3.076758028225413
46	71	3.076758028225413
47	70	2.365703442869062
48	69	2.365703442869062
49	68	0.7113066588976835
50	67	0.7113066588976835
51	66	2.481099686807738
52	65	2.481099686807738
53	64	3.4121323257661516
54	63	3.4121323257661516
55	62	4.204882884755534
56	61	4.204882884755534
57	60	5.172207134474775
42	76	1.7851252149328047
43	75	1.18651355844122
44	74	2.8863622305555054
45	73	1.755180680835565
46	72	3.068034033170079
47	71	1.4289584190155438
48	70	2.3589920023532613
49	69	0.22482332138224592
50	68	0.7092833855926983
51	67	2.4300094352756787
52	66	2.474074941282879
53	65	3.7465065385595153
54	64	3.4024712279494906
55	63	4.22666910865928
56	62	4.1929796130380055
57	61	5.489824949307149
42	77	0.6235096713112398
43	76	1.1831663228781508
44	75	1.1831663228781508
45	74	1.750242454866111
46	73	1.750242454866111
47	72	1.4249346438941757
48	71	1.4249346438941757
49	70	0.22418053813976258
50	69	0.22418053813976258
51	68	2.423188081538001
52	67	2.423188081538001
53	66	3.73598865693225
54	65	3.73598865693225
55	64	4.21480214304529
56	63	4.21480214304529
57	62	5.474408672995196
58	61	5.474408672995196
43	77	0.013910363287777727
44	76	1.1798563501170065
45	75	0.04558031455553646
46	74	1.7453592338342787
47	73	0.11543676549445081
48	72	1.4209556804953536
49	71	-0.7012932442303281
50	70	0.2235448918684142
51	69	1.934307229003025
52	68	2.416442742654226
53	67	3.6789104970125663
54	66	3.725587981207809
55	65	4.541789495486228
56	64	4.203067414697443
57	63	5.489187193790713
58	62	5.459164178000492
43	78	0.0138666272955561
44	77	0.0138666272955561
45	76	0.045446218999131816
46	75	0.045446218999131816
47	74	0.11510812605092724
48	73	0.11510812605092724
49	72	-0.6993672651128691
50	71	-0.6993672651128691
51	70	1.928969311581568
52	69	1.928969311581568
53	68	3.6687541165561015
54	67	3.6687541165561015
55	66	4.529251430345539
56	65	4.529251430345539
57	64	5.474027207888412
58	63	5.474027207888412
59	62	6.290757917493011
43	79	-1.1062352700782867
44	78	0.013823359055095352
45	77	-1.0996629451274202
46	76	0.04531357520409074
47	75	-1.5703229594769255
48	74	0.11478306692697515
49	73	-1.995808097598001
50	72	-0.6974624174299606
51	71	1.0039330243780569
52	70	1.923689904549974
53	69	3.187369842242333
54	68	3.6587090543889644
55	67	4.474329476881394
56	66	4.516850789278578
57	65	5.799204358575935
58	64	5.459033368350447
59	63	6.306836036488221
44	79	-1.1032342129306016
45	78	-1.0966823210619623
46	77	-1.0966823210619623
47	76	-1.5660658772608258
48	75	-1.5660658772608258
49	74	-1.990395893580171
50	73	-1.990395893580171
51	72	1.001210180367707
52	71	1.001210180367707
53	70	3.1787115254201126
54	69	3.1787115254201126
55	68	4.462173789974713
56	67	4.462173789974713
57	66	5.783450176797032
58	65	5.783450176797032
59	64	6.289702120092443
44	80	-1.1002655232068719
45	79	-2.207737563664523
46	78	-1.0937338496205484
47	77	-2.700584388986499
48	76	-1.5618547154940643
49	75	-3.655810790252872
50	74	-1.985042066625283
51	73	-0.2928108431506189
52	72	0.9985167048193944
53	71	2.2553610725776707
54	70	3.170146567144002
55	69	3.970548440140192
56	68	4.450149169195356
57	67	5.701308588431857
58	66	5.767865863032512
59	65	6.607586749999427
60	64	6.2727529472895185
44	81	-2.555720437783748
45	80	-2.2018417978333673
46	79	-2.2018417978333673
47	78	-2.69337310658193
48	77	-2.69337310658193
49	76	-3.6460475756816777
50	75	-3.6460475756816777
51	74	-0.2920227805348077
52	73	-0.2920227805348077
53	72	2.2493335038793703
54	71	2.2493335038793703
55	70	3.959933995625761
56	69	3.959933995625761
57	68	5.686069140133441
58	67	5.686069140133441
59	66	6.5899262982543405
60	65	6.5899262982543405
45	81	-3.650531987010254
46	80	-2.19600860237324
47	79	-3.7943159865890266
48	78	-2.686238357140155
49	77	-4.7690106373715935
50	76	-3.6363879750110755
51	75	-1.9498530522610054
52	74	-0.2912430684109495
53	73	0.9589111517270794
54	72	2.243369894754778
55	71	3.04015408412306
56	70	3.9494321766424036
57	69	5.178985021399967
58	68	5.670991395305919
59	67	6.491631455623519
60	66	6.572453242419215
61	65	6.996791198636856
45	82	-3.640932471926135
46	81	-3.640932471926135
47	80	-3.784340144021371
48	79	-3.784340144021371
49	78	-4.756471745752606
50	77	-4.756471745752606
51	76	-1.9447165745386883
52	75	-1.9447165745386883
53	74	0.9563904502197147
54	73	0.9563904502197147
55	72	3.0321550805488187
56	71	3.0321550805488187
57	70	5.165360969848734
58	69	5.165360969848734
59	68	6.4745533836107825
60	67	6.4745533836107825
61	66	6.978387025623306
45	83	-1.7743285462624954
46	82	-3.6314332284632656
47	81	-5.221376394416893
48	80	-3.7744685076568203
49	79	-5.846339486316992
50	78	-4.744063832696611
51	77	-3.0673439460451846
52	76	-1.9396337308717193
53	75	-0.6921298287834361
54	74	0.9538960805921306
55	73	1.7467405460288319
56	72	3.0242396213161555
57	71	4.247360668597139
58	70	5.1518792177639625
59	69	5.956295239762312
60	68	6.457653685647074
61	67	6.871623727142378
62	66	6.9601750840975
46	83	-1.7697380820718536
47	82	-5.2078585653744085
48	81	-5.2078585653744085
49	80	-5.831204320703819
50	79	-5.831204320703819
51	78	-3.059391196494744
52	77	-3.059391196494744
53	76	-0.6903339482978481
54	75	-0.6903339482978481
55	74	1.7422164898130177
56	73	1.7422164898130177
57	72	4.2363613812872245
58	71	4.2363613812872245
59	70	5.9408654347666925
60	69	5.9408654347666925
61	68	6.85382174553979
62	67	6.85382174553979
46	84	-1.7651948336824717
47	83	-3.346834322175255
48	82	-5.194479756623423
49	81	-7.255674223891219
50	80	-5.816224809753294
51	79	-4.148113519342132
52	78	-3.0515202111205326
53	77	-1.8103722215723792
54	76	-0.6885565288157522
55	75	0.1036308578113676
56	74	1.737738956474459
57	73	2.954560849188965
58	72	4.225475207177624
59	71	5.0257371460074864
60	70	5.925594294521488
61	69	6.312368792531743
62	68	6.836202819744358
63	67	6.856935204236834
46	85	-0.3531325648909842
47	84	-3.3383046775520597
48	83	-3.3383046775520597
49	82	-7.237175481223403
50	81	-7.237175481223403
51	80	-4.137525189953067
52	79	-4.137525189953067
53	78	-1.8057501941352712
54	77	-1.8057501941352712
55	76	0.10336724351554949
56	75	0.10336724351554949
57	74	2.947027689312563
58	73	2.947027689312563
59	72	5.012916830780796
60	71	5.012916830780796
61	70	6.296260349567092
62	69	6.296260349567092
63	68	6.83943342703742
47	85	-1.910940917897733
48	84	-3.329861426140724
49	83	-5.389696028176786
50	82	-7.218864090240459
51	81	-5.5591864590628575
52	80	-4.1270440721191335
53	79	-2.8922013071560286
54	78	-1.8011749648817386
55	77	-1.0157691361446268
56	76	0.10310630046933511
57	75	1.314564762333248
58	74	2.939570823615668
59	73	3.7357629973366784
60	72	5.000226343592203
61	71	5.377698465835238
62	70	6.2803150198164985
63	69	6.254907760927381
47	86	-1.9061474887989789
48	85	-1.9061474887989789
49	84	-5.376158370387657
50	83	-5.376158370387657
51	82	-5.545212278761483
52	81	-5.545212278761483
53	80	-2.884930567425272
54	79	-2.884930567425272
55	78	-1.0132138116196074
56	77	-1.0132138116196074
57	76	1.311265580550753
58	75	1.311265580550753
59	74	3.726376892690496
60	73	3.726376892690496
61	72	5.36418409059479
62	71	5.36418409059479
63	70	6.239180751600543
64	69	6.239180751600543
48	86	-1.9014018902403222
49	85	-3.93311128723235
50	84	-5.362755760798336
51	83	-3.7025597595375075
52	82	-5.5313774802671105
53	81	-4.302713850995133
54	80	-2.8777323466151756
55	79	-2.0968736834392985
56	78	-1.0106839702962134
57	77	0.20108205109363553
58	76	1.3079993163555628
59	75	2.100341918552658
60	74	3.7170844163615584
61	73	4.0926631578449815
62	72	5.3508045180133195
63	71	5.318237659518218
64	70	6.223610598110099
48	87	-0.7997123960817589
49	86	-3.923380147935859
50	85	-3.923380147935859
51	84	-3.6933877094948
52	83	-3.6933877094948
53	82	-4.29205967093867
54	81	-4.29205967093867
55	80	-2.091679745763031
56	79	-2.091679745763031
57	78	0.20058725703074742
58	77	0.20058725703074742
59	76	2.095142734214278
60	75	2.095142734214278
61	74	4.082530059696637
62	73	4.082530059696637
63	72	5.305068867148293
64	71	5.305068867148293
65	70	6.45561958826147
49	87	-2.8197463303108634
50	86	-3.913744655017581
51	85	-2.244071571515178
52	84	-3.6843057891010176
53	83	-2.4615726319107125
54	82	-4.281510193476606
55	81	-3.504534901930583
56	80	-2.086536847123625
57	79	-0.8801252623466098
58	78	0.20009733159486132
59	77	0.9815918876729484
60	76	2.089994647394178
61	75	2.461901991047398
62	74	4.072496545134072
63	73	4.0400855388547825
64	72	5.292029489221932
65	71	5.5435901311666385
49	88	-2.8128732477935046
50	87	-2.8128732477935046
51	86	-2.2385897729795943
52	85	-2.2385897729795943
53	84	-2.4555640456796937
54	83	-2.4555640456796937
55	82	-3.4959836054390507
56	81	-3.4959836054390507
57	80	-0.877975505145514
58	79	-0.877975505145514
59	78	0.979200061201027
60	77	0.979200061201027
61	76	2.4558937316842275
62	75	2.4558937316842275
63	74	4.030226685684283
64	73	4.030226685684283
65	72	5.530065886752709
50	88	-2.806066741036375
51	87	-1.1441785228080334
52	86	-2.233161051339266
53	85	-0.9953058354835775
54	84	-2.449613645465888
55	83	-1.679577198514835
56	82	-3.4875151235287376
57	81	-2.2869248220822556
58	80	-0.8758465630166938
59	79	-0.0987585300763385
60	78	0.9768314049533728
61	77	1.3522407238538108
62	76	2.449943657124095
63	75	2.413665385665354
64	74	4.020463308818307
65	73	4.270805738868603
66	72	5.516672622342412
50	89	-2.0339785533128634
51	88	-1.1414200227181936
52	87	-1.1414200227181936
53	86	-0.9929074116362244
54	85	-0.9929074116362244
55	84	-1.6755332078464562
56	83	-1.6755332078464562
57	82	-2.2814242918734635
58	81	-2.2814242918734635
59	80	-0.09851831607829808
60	79	-0.09851831607829808
61	78	1.3489862700571393
62	77	1.3489862700571393
63	76	2.4078571373911473
64	75	2.4078571373911473
65	74	4.26053592253993
66	73	4.26053592253993
50	90	-2.029128537593806
51	89	-0.37496995355377294
52	88	-1.138687841938463
53	87	0.09323957231890745
54	86	-0.9905318737178277
55	85	-0.20424586339186135
56	84	-1.6715278111278167
57	83	-0.4852228830563945
58	82	-2.283687556363475
59	81	-1.502642924284828
60	80	-0.0982803897550184
61	79	0.27352602684004523
62	78	1.3457628778492108
63	77	1.3182112930462608
64	76	2.4021043263765023
65	75	2.6441090005514525
66	74	4.250364141557839
67	73	4.119976851527554
51	90	-0.3740736086515426
52	89	-0.3740736086515426
53	88	0.09302413732575587
54	87	0.09302413732575587
55	86	-0.2037533438169703
56	85	-0.2037533438169703
57	84	-0.48406286834006096
58	83	-0.48406286834006096
59	82	-1.4990793423153264
60	81	-1.4990793423153264
61	80	0.2728754069567003
62	79	0.2728754069567003
63	78	1.3150772318595045
64	77	1.3150772318595045
65	76	2.637838813615872
66	75	2.637838813615872
67	74	4.110208981036521
51	91	0.6869059219739029
52	90	-0.3731856857425555
53	89	0.8529257569648507
54	88	0.09281074004366019
55	87	0.8763234647203717
56	86	-0.2032654436939083
57	85	1.0124912386513643
58	84	-0.4829137522528981
59	83	0.29462686444048813
60	82	-1.4955492946937738
61	81	-1.125404257259106
62	80	0.2722309060604857
63	79	0.24479632450493227
64	78	1.3119726479662859
65	77	1.5468595207253202
66	76	2.6316276321076657
67	75	2.4930806004313126
68	74	4.100533034934415
52	91	0.6853087833292193
53	90	0.8509382016154632
54	89	0.8509382016154632
55	88	0.8742836189080663
56	87	0.8742836189080663
57	86	1.0101310091640698
58	85	1.0101310091640698
59	84	0.29394442392367637
60	83	0.29394442392367637
61	82	-1.1227773407435961
62	81	-1.1227773407435961
63	80	0.24421550448732887
64	79	0.24421550448732887
65	78	1.5432394524791562
66	77	1.5432394524791562
67	76	2.4872494593059855
68	75	2.4872494593059855
52	92	0.6837264813984802
53	91	1.9041813232183813
54	90	0.8489691018498888
55	89	1.6294893358717673
56	88	0.8722627186880345
57	87	2.0814337426077145
58	86	1.0077926942417434
59	85	1.7895732636161483
60	84	0.2932683279545927
61	83	0.6484516973669088
62	82	-1.1201748086837142
63	81	-1.1474946139474014
64	80	0.24364005811594325
65	79	0.4774430330871837
66	78	1.5396529702638873
67	77	1.4080455463968065
68	76	2.4814724244024546
69	75	1.966928400735469
52	93	1.4278776614924027
53	92	1.89979905445216
54	91	1.89979905445216
55	90	1.6257417576794069
56	89	1.6257417576794069
57	88	2.0766428802762675
58	87	2.0766428802762675
59	86	1.785457873274936
60	85	1.785457873274936
61	84	0.6469650509984604
62	83	0.6469650509984604
63	82	-1.1448594973116997
64	81	-1.1448594973116997
65	80	0.47633843550829624
66	79	0.47633843550829624
67	78	1.4047907309650327
68	77	1.4047907309650327
69	76	1.9623890657871925
53	93	2.639469210612333
54	92	1.895456907524931
55	91	2.6723115363411125
56	90	1.622028495315135
57	89	2.8250040927723603
58	88	2.071895879519616
59	87	2.8510152613389437
60	86	1.7813801673701164
61	85	2.152899134755444
62	84	0.6454920263367967
63	83	0.6184638443473887
64	82	-1.142248517425287
65	81	-0.9095095189977656
66	80	0.47524394044376095
67	79	0.34423101923084687
68	78	1.4015656885317185
69	77	0.8758178795578715
53	94	2.6334754797962887
54	93	2.6334754797962887
55	92	2.666245178336794
56	91	2.666245178336794
57	90	2.81858845780107
58	89	2.81858845780107
59	88	2.8445428701634228
60	87	2.8445428701634228
61	86	2.1480159168550017
62	85	2.1480159168550017
63	84	0.6170590878850817
64	83	0.6170590878850817
65	82	-0.9074470080040555
66	81	-0.9074470080040555
67	80	0.34343964780055103
68	79	0.34343964780055103
69	78	0.873822434773956
54	94	2.6275358776097164
55	93	3.4013400945036665
56	92	2.660233608622093
57	91	3.857855319981354
58	90	2.812230760634975
59	89	3.5884691159599242
60	88	2.8381289337748967
61	87	3.21087908496429
62	86	2.143176809446686
63	85	2.1370637716945566
64	84	0.6156670168352321
65	83	0.8451059483195422
66	82	-0.905403128461785
67	81	-1.0358323418586224
68	80	0.34265540539854555
69	79	-0.17894777975470788
70	78	0.8718449988691646
54	95	3.0597885544457313
55	94	3.393720387068697
56	93	3.393720387068697
57	92	3.8492102410114057
58	91	3.8492102410114057
59	90	3.580429795138116
60	89	3.580429795138116
61	88	3.2036872774815492
62	87	3.2036872774815492
63	86	2.1322729746407276
64	85	2.1322729746407276
65	84	0.8432170352098183
66	83	0.8432170352098183
67	82	-1.033518889300467
68	81	-1.033518889300467
69	80	-0.17855094288688633
70	79	-0.17855094288688633
54	96	3.0529787168075018
55	95	3.823941423616816
56	94	3.3861685733459126
57	93	4.577980882189422
58	92	3.8406421870868144
59	91	4.613359770030911
60	90	3.5724621062299775
61	89	3.945657940293586
62	88	3.1965595535366447
63	87	3.190456240554795
64	86	2.1275248588272007
65	85	2.3658000299360538
66	84	0.8413449606691756
67	83	0.7115381755102135
68	82	-1.031226063007125
69	81	-1.5505915379972066
70	80	-0.17815764901843067
71	79	-1.0492163510953105
55	96	3.8154875511963837
56	95	3.8154875511963837
57	94	4.567857252779959
58	93	4.567857252779959
59	92	4.603159864782356
60	91	4.603159864782356
61	90	3.936934435281728
62	89	3.936934435281728
63	88	3.1833963813028276
64	87	3.1833963813028276
65	86	2.3605727219414803
66	85	2.3605727219414803
67	84	0.7099651825437832
68	83	0.7099651825437832
69	82	-1.5471653452736973
70	81	-1.5471653452736973
71	80	-1.0469001203796324
55	97	3.777385845918161
56	96	3.8071080096865444
57	95	4.9931623132447385
58	94	4.557822630712963
59	93	5.327595788270628
60	92	4.593049641150628
61	91	4.964139651904134
62	90	3.928287631353669
63	89	3.9221938079635947
64	88	3.176398584542312
65	87	3.4136359236990756
66	86	2.3553913806058517
67	85	2.2375842165415634
68	84	0.7084060202460023
69	83	0.2056060026952764
70	82	-1.5437692805371626
71	81	-2.410992069646454
56	97	3.769144810128637
57	96	4.982264627213681
58	95	4.982264627213681
59	94	5.315969678677902
60	93	5.315969678677902
61	92	4.953307189565294
62	91	4.953307189565294
63	90	3.9136271918405328
64	89	3.9136271918405328
65	88	3.4061871439862443
66	87	3.4061871439862443
67	86	2.2326981535125014
68	85	2.2326981535125014
69	84	0.20515587180580042
70	83	0.20515587180580042
71	82	-2.405732862348941
72	81	-2.405732862348941
56	98	3.760975291698742
57	97	4.9602246034833115
58	96	4.971461505982461
59	95	5.738634307105713
60	94	5.304444457642603
61	93	5.67549955494178
62	92	4.942568729760751
63	91	4.936775420810136
64	90	3.905134901641759
65	89	4.128538874294463
66	88	3.398803004147794
67	87	3.281493686462454
68	86	2.2278544849395985
69	85	1.7257290324191672
70	84	0.2047096445517127
71	83	-0.6587974157537246
72	82	-2.400519296755192
57	98	4.949539404323332
58	97	4.949539404323332
59	96	5.726272250567035
60	95	5.726272250567035
61	94	5.66327292115966
62	93	5.66327292115966
63	92	4.926133303195456
64	91	4.926133303195456
65	90	4.119649576670781
66	89	4.119649576670781
67	88	3.274418894167866
68	87	3.274418894167866
69	86	1.7220067903567724
70	85	1.7220067903567724
71	84	-0.6573794880705464
72	83	-0.6573794880705464
73	82	-3.608904769473156
57	99	4.692244040080368
58	98	4.9389457357888205
59	97	5.722305803625659
60	96	5.714016089037614
61	95	6.08524824684946
62	94	5.651151021613259
63	93	5.645365180884255
64	92	4.915582334509963
65	91	5.1504864030648605
66	90	4.110836434078919
67	89	4.006764176546767
68	88	3.267404695266123
69	87	2.7645820471211664
70	86	1.7183164254811345
71	85	0.8519114618193271
72	84	-0.655973708613601
73	83	-1.866995401539043
57	100	4.682265303786153
58	99	4.682265303786153
59	98	5.7101372086231095
60	97	5.7101372086231095
61	96	6.072304894280478
62	95	6.072304894280478
63	94	5.633350119249371
64	93	5.633350119249371
65	92	5.1395313640528
66	91	5.1395313640528
67	90	3.9982350334439616
68	89	3.9982350334439616
69	88	2.758696244816292
70	87	2.758696244816292
71	86	0.850094207987695
72	85	0.850094207987695
73	84	-1.86302523378572
74	83	-1.86302523378572
58	100	4.672370962400237
59	99	5.452898134746647
60	98	5.698071530760444
61	97	6.089492190898454
62	96	6.059471006508829
63	95	6.047497877897058
64	94	5.621436659006122
65	93	5.855357190834184
66	92	5.128668974354241
67	91	5.012584812157002
68	90	3.9897780115920796
69	89	3.487018981822075
70	88	2.752860210781364
71	87	1.8901230867008962
72	86	0.8482923143023982
73	85	-0.37291022744057045
74	84	-1.8590886440874783
58	101	5.23643811801503
59	100	5.4414485189540756
60	99	5.4414485189540756
61	98	6.076703557030669
62	97	6.076703557030669
63	96	6.034790678067566
64	95	6.034790678067566
65	94	5.843058287968233
66	93	5.843058287968233
67	92	5.00205042330299
68	91	5.00205042330299
69	90	3.4796891157593564
70	89	3.4796891157593564
71	88	1.8861468715567753
72	87	1.8861468715567753
73	86	-0.37213253254776646
74	85	-0.37213253254776646
75	84	-3.4000184247483958
59	101	6.017814234397974
60	100	5.430094526322591
61	99	5.821536216752975
62	98	6.064021725747807
63	97	6.083689432723986
64	96	6.022189589201844
65	95	6.261251274972892
66	94	5.83086209421981
67	93	5.715249371192385
68	92	4.991603998188111
69	91	4.491411886304377
70	90	3.4724204528502014
71	89	2.613289769547009
72	88	1.8822038520570459
73	87	0.6661088019332055
74	86	-0.3713613414201973
75	85	-1.9375245616165557
59	102	6.005338966878753
60	101	6.005338966878753
61	100	5.809461461176852
62	99	5.809461461176852
63	98	6.071062353350499
64	97	6.071062353350499
65	96	6.248262376816456
66	95	6.248262376816456
67	94	5.703387159999693
68	93	5.703387159999693
69	92	4.482089402452857
70	91	4.482089402452857
71	90	2.607862174753791
72	89	2.607862174753791
73	88	0.6647204274777323
74	87	0.6647204274777323
75	86	-1.933511036514119
76	85	-1.933511036514119
60	102	5.9929666044372425
61	101	6.393100759692516
62	100	5.797486297104115
63	99	5.817053405224215
64	98	6.05853940652878
65	97	6.308077833136849
66	96	6.235380606025501
67	95	6.112264061086535
68	94	5.691622773713789
69	93	5.191950036512026
70	92	4.472843798619579
71	91	3.6172910105806295
72	90	2.602479334436339
73	89	1.3914073459482097
74	88	0.6633434932518867
75	87	-0.8963490352134613
76	86	-1.9295306228495974
60	103	6.319907300878185
61	102	6.380012609113692
62	101	6.380012609113692
63	100	5.805126699332504
64	99	5.805126699332504
65	98	6.295154425094097
66	97	6.295154425094097
67	96	6.099736181547996
68	95	6.099736181547996
69	94	5.18130626580114
70	93	5.18130626580114
71	92	3.6098726773416274
72	91	3.6098726773416274
73	90	1.3885492455024178
74	89	1.3885492455024178
75	88	-0.8945191551501921
76	87	-0.8945191551501921
77	86	-3.0047505386137345
61	103	6.711190669656844
62	102	6.367031103975478
63	101	6.4128772554377065
64	100	5.793297145880842
65	99	6.047528154246265
66	98	6.282336305157514
67	97	6.1986115429863275
68	96	6.087310358179366
69	95	5.595980937193872
70	94	5.170749199246984
71	93	4.318685126358105
72	92	3.6025147695527266
73	91	2.3963888221051093
74	90	1.3857144182024967
75	89	-0.1676130679088601
76	88	-0.892704193454847
77	87	-1.9696708146839228
61	104	6.697613413391991
62	103	6.697613413391991
63	102	6.39989762433288
64	101	6.39989762433288
65	100	6.035285407078845
66	99	6.035285407078845
67	98	6.18605637862629
68	97	6.18605637862629
69	96	5.584648010472847
70	95	5.584648010472847
71	94	4.309936687927802
72	93	4.309936687927802
73	92	2.3915309518079084
74	91	2.3915309518079084
75	90	-0.1672811124872169
76	89	-0.1672811124872169
77	88	-1.9656873056915174
78	87	-1.9656873056915174
62	104	6.684145444548449
63	103	6.729785889979212
64	102	6.387022460666685
65	101	6.664679232063463
66	100	6.023141192564708
67	99	5.934066745000109
68	98	6.173602250409658
69	97	5.69818030598617
70	96	5.573406286915997
71	95	4.724687685560639
72	94	4.3012586501354235
73	93	3.0999939958192044
74	92	2.3867121684725134
75	91	0.8308621029100323
76	90	-0.1669518401804453
77	89	-1.2395695196000815
78	88	-1.9617358630380295
62	105	6.654300066405995
63	104	6.716324035397065
64	103	6.716324035397065
65	102	6.651359293923633
66	101	6.651359293923633
67	100	5.922190085285365
68	99	5.922190085285365
69	98	5.686777509054082
70	97	5.686777509054082
71	96	4.715231667750231
72	95	4.715231667750231
73	94	3.093786829671444
74	93	3.093786829671444
75	92	0.8291975091979111
76	91	0.8291975091979111
77	90	-1.2370945259222026
78	89	-1.2370945259222026
62	106	6.641073658836831
63	105	6.693720516295798
64	104	6.70296923023443
65	103	6.979534811103349
66	102	6.638145295295544
67	101	6.5827308899702075
68	100	5.910407859051702
69	99	5.435252369599766
70	98	5.675465380943024
71	97	4.840415753718844
72	96	4.705850836963691
73	95	3.5001230583111465
74	94	3.087629013858532
75	93	1.5375484422993395
76	92	0.8275461486400673
77	91	-0.23228767423915997
78	90	-1.2346392205658958
79	89	-2.285779283573902
63	106	6.6804842524779815
64	105	6.6804842524779815
65	104	6.9657464708943735
66	103	6.9657464708943735
67	102	6.569720571077141
68	101	6.569720571077141
69	100	5.42450399190011
70	99	5.42450399190011
71	98	4.8308458811893615
72	97	4.8308458811893615
73	96	3.4932027780100725
74	95	3.4932027780100725
75	94	1.534506849607169
76	93	1.534506849607169
77	92	-0.23183269382980143
78	91	-0.23183269382980143
79	90	-2.2812651911945068
63	107	6.378585914190808
64	106	6.667351995009085
65	105	6.950702075248955
66	104	6.952066495722647
67	103	6.896849706295598
68	102	6.556812493323378
69	101	6.125706719066329
70	100	5.4138400709516645
71	99	4.581614827689009
72	98	4.821351208715441
73	97	3.6440225385426857
74	96	3.486336876867881
75	95	1.9507780060653204
76	94	1.5314891552288827
77	93	0.4762602979094481
78	92	-0.2313812951106229
79	91	-1.2784916578648335
80	90	-2.2767865780979264
64	107	6.366116269581198
65	106	6.937126649650963
66	105	6.937126649650963
67	104	6.883374239668683
68	103	6.883374239668683
69	102	6.113737262960967
70	101	6.113737262960967
71	100	4.572662437996769
72	99	4.572662437996769
73	98	3.6369006111708586
74	97	3.6369006111708586
75	96	1.946964764241784
76	95	1.946964764241784
77	94	0.47532569903705735
78	93	0.47532569903705735
79	92	-1.275997759772963
80	91	-1.275997759772963
64	108	6.353743459229008
65	107	6.636006285067197
66	106	6.923656664936061
67	105	6.878234828457153
68	104	6.870003429488861
69	103	6.435035317215807
70	102	6.101860766184927
71	101	5.3057980839666925
72	100	4.563779576110392
73	99	3.391030197874443
74	98	3.6298339932423005
75	97	2.1109906011733983
76	96	1.9431811354952515
77	95	0.8920441053751347
78	94	0.47439835265549846
79	93	-0.5686358362036117
80	92	-1.2735232365548654
65	108	6.623191691906413
66	107	6.623191691906413
67	106	6.864946119638262
68	105	6.864946119638262
69	104	6.422605761854811
70	103	6.422605761854811
71	102	5.295551048601737
72	101	5.295551048601737
73	100	3.384479029969043
74	99	3.384479029969043
75	98	2.1069100356799026
76	97	2.1069100356799026
77	96	0.8903174062679682
78	95	0.8903174062679682
79	94	-0.5675415617351973
80	93	-0.5675415617351973
65	109	6.022936836478948
66	108	6.610475477985801
67	107	6.565207552186621
68	106	6.851759420178496
69	105	6.4215651032200185
70	104	6.41027162550472
71	103	5.615386482947088
72	102	5.285382679743634
73	101	4.146742432353676
74	100	3.3779781524135615
75	99	1.8649752334540608
76	98	2.102860791564126
77	97	1.0533230639694011
78	96	0.8886039572889786
79	95	-0.15071298197972283
80	94	-0.5664556937349516
66	109	6.0114403062580095
67	108	6.552664453191937
68	107	6.552664453191937
69	106	6.409301300079278
70	105	6.409301300079278
71	104	5.604665358761849
72	103	5.604665358761849
73	102	4.138822949767018
74	101	4.138822949767018
75	100	1.8614107502316983
76	99	1.8614107502316983
77	98	1.0513094776424623
78	97	1.0513094776424623
79	96	-0.15042893008831015
80	95	-0.15042893008831015
66	110	6.0000310331938635
67	109	5.942031549655894
68	108	6.540216537133347
69	107	6.106369361673387
70	106	6.397130568316243
71	105	5.613402878705983
72	104	5.594025603099453
73	103	4.459711414275262
74	102	4.130963569208689
75	101	2.6508795953650406
76	100	1.857873314553217
77	99	0.8123298826590144
78	98	1.0493111699965993
79	97	0.02115967469762836
80	96	-0.1501470393022828
81	95	-1.5021995114484525
67	110	5.930813310880694
68	109	5.930813310880694
69	108	6.094837610191462
70	107	6.094837610191462
71	106	5.602805792585514
72	105	5.602805792585514
73	104	4.451290475429687
74	103	4.451290475429687
75	102	2.6458705675299825
76	101	2.6458705675299825
77	100	0.8107936652800163
78	99	0.8107936652800163
79	98	0.021112142465881334
80	97	0.021112142465881334
81	96	-1.49936884237286
67	111	5.057607977345469
68	110	5.919679252097922
69	109	5.505930337369136
70	108	6.083392386575724
71	107	5.3008398465076425
72	106	5.592288226770961
73	105	4.4734277900515735
74	104	4.4429327246148205
75	103	2.9684098915122377
76	102	2.6408991209182204
77	101	1.61999718548077
78	100	0.8092689719605914
79	99	-0.21456654968642397
80	98	0.021064956076770613
81	97	-1.345497249546952
82	96	-1.4965594218083424
68	111	5.048164590456963
69	110	5.495646782495896
70	109	5.495646782495896
71	108	5.2909439647205545
72	107	5.2909439647205545
73	106	4.465074198987168
74	105	4.465074198987168
75	104	2.962863925244619
76	103	2.962863925244619
77	102	1.616969821179282
78	101	1.616969821179282
79	100	-0.21417416054373462
80	99	-0.21417416054373462
81	98	-1.3429902781404053
82	97	-1.3429902781404053
68	112	5.038791274072537
69	111	4.626571504270032
70	110	5.485439527840754
71	109	4.704489055843624
72	108	5.281121513616199
73	107	4.166416583284445
74	106	4.456782591085357
75	105	2.998968576817788
76	104	2.9573591059042883
77	103	1.9402570051474868
78	102	1.6139649167198513
79	101	0.6009954165697309
80	100	-0.2137846945443016
81	99	-1.5757151045254432
82	98	-1.3405019158440155
69	112	4.618023447292671
70	111	4.618023447292671
71	110	4.695802602869662
72	109	4.695802602869662
73	108	4.158721348497238
74	107	4.158721348497238
75	106	2.9934259744391056
76	105	2.9934259744391056
77	104	1.936671677922277
78	103	1.936671677922277
79	102	0.599881807762813
80	101	0.599881807762813
81	100	-1.5728112574602164
82	99	-1.5728112574602164
69	113	3.35524768232699
70	112	4.609538112035807
71	111	3.8305654191653957
72	110	4.687179895183817
73	109	3.5765693495081905
74	108	4.15108258189548
75	107	2.6986244835361504
76	106	2.987924039255631
77	105	1.984582777770811
78	104	1.9331126577362738
79	103	0.9238676911154471
80	102	0.5987763658645235
81	101	-0.7377332966752874
82	100	-1.5699287275865572
70	113	3.3491179504680986
71	112	3.8235685656773057
72	111	3.8235685656773057
73	110	3.5700343330240685
74	109	3.5700343330240685
75	108	2.693690079257067
76	107	2.693690079257067
77	106	1.9809542944572058
78	105	1.9809542944572058
79	104	0.9221765066890839
80	103	0.9221765066890839
81	102	-0.7363930327537673
82	101	-0.7363930327537673
70	114	3.3430327084738565
71	113	2.5912999582224074
72	112	3.8166224973679164
73	111	2.7100467705936353
74	110	3.563546746780048
75	109	2.1163666489592288
76	108	2.6887914835151605
77	107	1.689103524357506
78	106	1.9773521430934125
79	105	0.9812439983456898
80	104	0.9204975925081271
81	103	-0.4111544814913941
82	102	-0.7350625064564156
83	101	0.8128610394278439
70	115	2.9054785305929727
71	114	2.58661359305097
72	113	2.58661359305097
73	112	2.7051463889683873
74	111	2.7051463889683873
75	110	2.112536291620472
76	109	2.112536291620472
77	108	1.686047145248267
78	107	1.686047145248267
79	106	0.9794659004119239
80	105	0.9794659004119239
81	104	-0.4104188093215271
82	103	-0.4104188093215271
83	102	0.8114008285988348
71	115	2.1384531650101053
72	114	2.581960870700641
73	113	1.491174822524954
74	112	2.70028118759501
75	111	1.258303136995437
76	110	2.1087334282001393
77	109	1.112646217362908
78	108	1.6830127053685828
79	107	0.6904877564679737
80	106	0.9777005626110622
81	105	-0.3406507533218246
82	104	-0.4096884287441753
83	103	1.1326928612179472
84	102	0.8099511133268606
71	116	2.1346279190584028
72	115	2.1346279190584028
73	114	1.4885011590426984
74	113	1.4885011590426984
75	112	1.2560458112438937
76	111	1.2560458112438937
77	110	1.1106515815663442
78	109	1.1106515815663442
79	108	0.6892473722837167
80	107	0.6892473722837167
81	106	-0.3400509548764603
82	105	-0.3400509548764603
83	104	1.1306766223133309
84	103	1.1306766223133309
71	117	1.4039801759809052
72	116	2.1308298424050918
73	115	1.0440307636486068
74	114	1.4858464775365974
75	113	0.06188006048432726
76	112	1.2538045101318858
77	111	0.26126680267952906
78	110	1.1086711073253355
79	109	0.1196783472187235
80	108	0.6880157913069525
81	107	-0.6256471700144175
82	106	-0.3394554288706786
83	105	1.1981408169899623
84	104	1.128674716770547
72	117	1.401491799359519
73	116	1.0421776245530054
74	115	1.0421776245530054
75	114	0.06175795677381757
76	113	0.06175795677381757
77	112	0.2607972593582417
78	111	0.2607972593582417
79	110	0.11945922081849858
80	109	0.11945922081849858
81	108	-0.6245507472890495
82	107	-0.6245507472890495
83	106	1.1960311613156591
84	105	1.1960311613156591
72	118	1.3990209057242282
73	117	0.3180109343802542
74	116	1.0403375020532621
75	115	-0.3785042816866735
76	114	0.061636695247671014
77	113	-0.9142300364605944
78	112	0.2603310068225255
79	111	-0.7251793142986571
80	110	0.11924162510285896
81	109	-1.189799024230524
82	108	-0.6234620437066951
83	107	0.9087512853825501
84	106	1.1939363455685452
73	118	0.3174452075154477
74	117	0.3174452075154477
75	116	-0.37785310817798745
76	115	-0.37785310817798745
77	114	-0.9126420307165972
78	113	-0.9126420307165972
79	112	-0.7239193720906769
80	111	-0.7239193720906769
81	110	-1.1877282123168698
82	109	-1.1877282123168698
83	108	0.9071691844892484
84	107	0.9071691844892484
85	106	2.4329400603351132
73	119	-0.3642096142089031
74	118	0.31688340384607727
75	117	-1.0947335405344347
76	116	-0.3772064777140258
77	115	-1.349586068858116
78	114	-0.9110650849329431
79	113	-1.8793643920816976
80	112	-0.7226682045611597
81	111	-2.0271509736107873
82	110	-1.1856718177155017
83	109	0.34123369777034895
84	108	0.90559809796423
85	107	2.1445216092315604
73	120	-0.3635880939705203
74	119	-0.3635880939705203
75	118	-1.0928512328205215
76	117	-1.0928512328205215
77	116	-1.3472592870889457
78	115	-1.3472592870889457
79	114	-1.8761232134111197
80	113	-1.8761232134111197
81	112	-2.023653208025735
82	111	-2.023653208025735
83	110	0.34064953738061376
84	109	0.34064953738061376
85	108	2.1408159908592097
86	107	2.1408159908592097
73	121	-1.3519126221099214
74	120	-0.3629708632488473
75	119	-1.7695304702447174
76	118	-1.0909818987761355
77	117	-2.057460834065296
78	116	-1.3449485345777248
79	115	-2.3098316418859213
80	114	-1.872904362101508
81	113	-3.1587773971727984
82	112	-2.0201795351817964
83	111	-0.4985085438347596
84	110	0.34006940655763174
85	109	1.574716860359331
86	108	2.1371358903829787
74	121	-1.3496070799656081
75	120	-1.7665110525877026
76	119	-1.7665110525877026
77	118	-2.053947032515225
78	117	-2.053947032515225
79	116	-2.305884665962367
80	115	-2.305884665962367
81	114	-3.1533807572500336
82	113	-3.1533807572500336
83	112	-0.4976490031604044
84	111	-0.4976490031604044
85	110	1.5720246571918324
86	109	1.5720246571918324
74	122	-1.3473172598837664
75	121	-2.7451281372377707
76	120	-1.7635122230763045
77	119	-2.726470734080067
78	118	-2.050457186605854
79	117	-3.009220863817518
80	116	-2.301964596083053
81	115	-3.5833404274326313
82	114	-3.148020906808597
83	113	-1.6172355876442452
84	112	-0.4967953123186817
85	111	0.7336344514251323
86	110	1.5693508048534568
74	123	-2.5646443123478093
75	122	-2.740486754678841
76	121	-2.740486754678841
77	120	-2.7218578572128536
78	119	-2.7218578572128536
79	118	-3.004129774615649
80	117	-3.004129774615649
81	116	-3.577277156846776
82	115	-3.577277156846776
83	114	-1.6144919933008168
84	113	-1.6144919933008168
85	112	0.7323949714073024
86	111	0.7323949714073024
87	110	2.482445179955903
75	123	-3.9534213405404444
76	122	-2.735876693613136
77	121	-3.6910534814851417
78	120	-2.717276105856854
79	119	-3.672612026466595
80	118	-2.9990730380814057
81	117	-4.27303375415886
82	116	-3.571254797648635
83	115	-2.0437979949674627
84	114	-1.6117669026316435
85	113	-0.3787606474952554
86	112	0.7311638570454306
87	111	1.6453678898733415
75	124	-3.9467993461576043
76	123	-3.9467993461576043
77	122	-3.684869474633615
78	121	-3.684869474633615
79	120	-3.6664583016254255
80	119	-3.6664583016254255
81	118	-4.265875482552474
82	117	-4.265875482552474
83	116	-2.040365241260588
84	115	-2.040365241260588
85	114	-0.3781219389020407
86	113	-0.3781219389020407
87	112	1.6426093554564432
76	124	-3.940221585495692
77	123	-4.892199289313794
78	122	-3.6787267741519827
79	121	-4.625753025066388
80	120	-3.6603456801676657
81	119	-4.929867576282049
82	118	-4.258765026090259
83	117	-2.7351971360276366
84	116	-2.036955406787456
85	115	-0.8112154356458632
86	114	-0.3774874916266526
87	113	0.5442438619229506
76	125	-4.403622654588617
77	124	-4.884081653276098
78	123	-4.884081653276098
79	122	-4.618078212864475
80	121	-4.618078212864475
81	120	-4.921688834540419
82	119	-4.921688834540419
83	118	-2.730650340683951
84	117	-2.730650340683951
85	116	-0.8098620725081673
86	115	-0.8098620725081673
87	114	0.5433409057018252
88	113	0.5433409057018252
76	126	-4.396353653170991
77	125	-5.345090518462712
78	124	-4.876017698145461
79	123	-5.8199084735142605
80	122	-4.610454154108993
81	121	-5.870076228629387
82	120	-4.913564179515106
83	119	-3.393877403615079
84	118	-2.7261336032183863
85	117	-1.499697407970416
86	116	-0.8085176503072944
87	115	0.11019320980994962
88	114	0.5424439207645264
76	127	-3.304019767808313
77	126	-5.336306746792616
78	125	-5.336306746792616
79	124	-5.810345323503952
80	123	-5.810345323503952
81	122	-5.8604327482912595
82	121	-5.8604327482912595
83	120	-3.3882916430256955
84	119	-3.3882916430256955
85	118	-1.4972258308662276
86	117	-1.4972258308662276
87	116	0.11001565563628901
88	115	0.11001565563628901
77	127	-4.237581176347248
78	126	-5.327580488163221
79	125	-6.268309443821636
80	124	-5.800844790687734
81	123	-7.056341235358104
82	122	-5.8508524136086635
83	121	-4.3315608476759735
84	120	-3.382742446391603
85	119	-2.1621451783621524
86	118	-1.4947704286028056
87	117	-0.5758071017262409
88	116	0.10983926820199486
77	128	-4.230684428548557
78	127	-4.230684428548557
79	126	-6.258108134785289
80	125	-6.258108134785289
81	124	-7.044859963516956
82	123	-7.044859963516956
83	122	-4.32450255620688
84	121	-4.32450255620688
85	120	-2.1586176616219745
86	119	-2.1586176616219745
87	118	-0.5748664987709162
88	117	-0.5748664987709162
89	116	0.7128578587185075
78	128	-4.2238323977853725
79	127	-5.161144943573163
80	126	-6.247972969586954
81	125	-7.509740163340666
82	124	-7.033453137500146
83	123	-5.519021334253466
84	122	-4.317490019666366
85	121	-3.0941072946889108
86	120	-2.1551130066727637
87	119	-1.2390881240467024
88	118	-0.5739319905778757
89	117	0.03512316600699705
78	129	-3.536414703557057
79	128	-5.1528256964747925
80	127	-5.1528256964747925
81	126	-7.4976318563421955
82	125	-7.4976318563421955
83	124	-5.5101160492022245
84	123	-5.5101160492022245
85	122	-3.0891110485254103
86	121	-3.0891110485254103
87	120	-1.2370856837251267
88	119	-1.2370856837251267
89	118	0.035067190869540354
78	130	-3.5307437484743787
79	129	-4.4561725420162475
80	128	-5.1445598694031105
81	127	-6.398810173656329
82	126	-7.485601296007644
83	125	-5.964221431636815
84	124	-5.501267937155717
85	123	-4.281858042940257
86	122	-3.084146874477483
87	121	-2.164639772031478
88	120	-1.23509609567418
89	119	-0.6319655270676776
90	118	0.035011575811950024
79	130	-4.449059779089566
80	129	-4.449059779089566
81	128	-6.3885918775768005
82	127	-6.3885918775768005
83	126	-5.954689773972859
84	125	-5.954689773972859
85	124	-4.275012280219016
86	123	-4.275012280219016
87	122	-2.161178347332225
88	121	-2.161178347332225
89	120	-0.6309525730566747
90	119	-0.6309525730566747
79	131	-3.9115245144903383
80	130	-4.441992254807246
81	129	-5.674433029920692
82	128	-6.378438566560817
83	127	-4.874850116319976
84	126	-5.945218726734765
85	125	-4.731333882818035
86	124	-4.268210045366686
87	123	-3.3516356622435524
88	122	-2.157738930884989
89	121	-1.5461279272817592
90	120	-0.629946056575136
80	131	-3.9053416555088916
81	130	-5.665462404467689
82	129	-5.665462404467689
83	128	-4.867125106887215
84	127	-4.867125106887215
85	126	-4.723840468111575
86	125	-4.723840468111575
87	124	-3.346328907885436
88	123	-3.346328907885436
89	122	-1.54368020529364
90	121	-1.54368020529364
91	120	0.20836606743614539
80	132	-3.899197750601161
81	131	-5.1277551206280805
82	130	-5.656548295684843
83	129	-4.140707960596046
84	128	-4.859448746194175
85	127	-3.639052564238682
86	126	-4.716394248197503
87	125	-3.802650532552434
88	124	-3.341055577979205
89	123	-2.731378326864615
90	122	-1.5412479005431123
91	121	-0.703410569305106
80	133	-3.6030320037098136
81	132	-5.119726313670981
82	131	-5.119726313670981
83	130	-4.134212759107413
84	129	-4.134212759107413
85	128	-3.633339451476786
86	127	-3.633339451476786
87	126	-3.7966853707130213
88	125	-3.7966853707130213
89	124	-2.7270958368949323
90	123	-2.7270958368949323
91	122	-0.7023050370835335
80	134	-3.5974176276176877
81	133	-4.822140145329286
82	132	-5.11174761768325
83	131	-3.601296607985205
84	130	-4.1277580842051975
85	129	-2.9102002779636678
86	128	-3.6276619799368746
87	127	-2.7164051796926287
88	126	-3.79075742765599
89	125	-3.1896870371406294
90	124	-2.722840069265658
91	123	-1.887617600716112
80	135	-3.5353841835949424
81	134	-4.814661099267596
82	133	-4.814661099267596
83	132	-3.5956997226089698
84	131	-3.5956997226089698
85	130	-2.905671768994125
86	129	-2.905671768994125
87	128	-2.7121802785131877
88	127	-2.7121802785131877
89	126	-3.1847284777895766
90	125	-3.1847284777895766
91	124	-1.8846835060521698
92	123	-1.8846835060521698
80	136	-3.5299266847086983
81	135	-4.750861850547153
82	134	-4.807228300967836
83	133	-3.3018770659073198
84	132	-3.5901374345185104
85	131	-2.375664866471652
86	130	-2.901171246776812
87	129	-1.9776180081089478
88	128	-2.7079814899475423
89	127	-2.1016820198310597
90	126	-3.1798005677064793
91	125	-2.3405870038359353
92	124	-1.8817675477484954
81	136	-4.743561760233206
82	135	-4.743561760233206
83	134	-3.2967926179858296
84	133	-3.2967926179858296
85	132	-2.372001068627924
86	131	-2.372001068627924
87	130	-1.9745682156662951
88	129	-1.9745682156662951
89	128	-2.098444165228102
90	127	-2.098444165228102
91	126	-2.3369816973772686
92	125	-2.3369816973772686
81	137	-3.7206404832427324
82	136	-4.736306396698183
83	135	-3.2358282649656758
84	134	-3.2917393106690724
85	133	-2.0805359927417157
86	132	-2.368359704237264
87	131	-1.447643839634111
88	130	-1.9715370972380697
89	129	-1.3505880478533072
90	128	-2.0952261396569156
91	127	-1.2653272385068703
92	126	-2.3333984707564923
82	137	-3.714974739376885
83	136	-3.2308910785868648
84	135	-3.2308910785868648
85	134	-2.0773559552644656
86	133	-2.0773559552644656
87	132	-1.44543037733456
88	131	-1.44543037733456
89	130	-1.348524262569299
90	129	-1.348524262569299
91	128	-1.2633921057595217
92	127	-1.2633921057595217
93	126	-1.7958938649057927
82	138	-3.7093433915906644
83	137	-2.1989574661561164
84	136	-3.225983855558752
85	135	-2.018173422166001
86	134	-2.074195211117967
87	133	-1.1562822324026456
88	132	-1.4432303433122797
89	131	-0.8241732537017015
90	130	-1.3464729988577346
91	129	-0.5021310448319127
92	128	-1.2614687123304975
93	127	-0.7225447769965285
83	138	-2.195630102025916
84	137	-2.195630102025916
85	136	-2.015116629772365
86	135	-2.015116629772365
87	134	-1.1545293155786567
88	133	-1.1545293155786567
89	132	-0.8229239112602045
90	131	-0.8229239112602045
91	130	-0.501365460472698
92	129	-0.501365460472698
93	128	-0.7214493857977686
94	127	-0.7214493857977686
83	139	-1.2122615266775938
84	138	-2.1923227466577373
85	137	-0.978893734344183
86	136	-2.0120782156373025
87	135	-1.0969343617202867
88	134	-1.1527869361079865
89	133	-0.5355990208313415
90	132	-0.8216820791208193
91	131	0.020120955779020733
92	130	-0.5006044737392585
93	129	0.041427367852975294
94	128	-0.7203605794043142
83	140	-1.2104415251910723
84	139	-1.2104415251910723
85	138	-0.9774170329792469
86	137	-0.9774170329792469
87	136	-1.095286256520012
88	135	-1.095286256520012
89	134	-0.5347932602844594
90	133	-0.5347932602844594
91	132	0.02009730820009281
92	131	0.02009730820009281
93	130	0.04137616851312487
94	129	0.04137616851312487
95	128	-0.4755418039126198
83	141	-0.4537291066162652
84	140	-1.2086323682206057
85	139	0.0023825582138670143
86	138	-0.9759491231334323
87	137	-0.048546094890298264
88	136	-1.093647969956237
89	135	-0.47830691960325566
90	134	-0.5339922989846855
91	133	0.3053021415621515
92	132	0.02007380831400951
93	131	0.5624309678510144
94	130	0.04132528616992204
95	129	0.3102767287032293
84	141	-0.45305098428343626
85	140	0.002389247954397433
86	139	0.002389247954397433
87	138	-0.04846495440278886
88	137	-0.04846495440278886
89	136	-0.47759356103688333
90	135	-0.47759356103688333
91	134	0.3048552310165178
92	133	0.3048552310165178
93	132	0.5616058017467367
94	131	0.5616058017467367
95	130	0.30982154738921963
84	142	-0.45237686395785204
85	141	0.7559012763322244
86	140	0.0023959084237503703
87	139	0.9270509386660706
88	138	-0.04838428413586371
89	137	0.5825300385777155
90	136	-0.476884413508742
91	135	0.35993112934329474
92	134	0.30441096723598093
93	133	0.8465087978675001
94	132	0.5607855211073911
95	131	0.8159727623983599
84	143	0.08329616436913057
85	142	0.7547991201163313
86	141	0.7547991201163313
87	140	0.9256956975509638
88	139	0.9256956975509638
89	138	0.581680180352123
90	137	0.581680180352123
91	136	0.359407605308661
92	135	0.359407605308661
93	134	0.8452721692810883
94	133	0.8452721692810883
95	132	0.8147817716935606
85	143	1.2884891393869111
86	142	0.753703428071276
87	141	1.6756426869947063
88	140	0.9243484014709793
89	139	1.5534080427719346
90	138	0.580835306147037
91	137	1.434387517497271
92	136	0.3588871531883342
93	135	0.9002831863062966
94	134	0.8440427918449132
95	133	1.1025355586534715
85	144	1.2866198052811342
86	143	1.2866198052811342
87	142	1.6732073868179214
88	141	1.6732073868179214
89	140	1.551149381441519
90	139	1.551149381441519
91	138	1.4323057784167759
92	137	1.4323057784167759
93	136	0.8989783388969954
94	135	0.8989783388969954
95	134	1.1009345904481052
86	144	1.2847613323779115
87	143	2.204016390950983
88	142	1.670786232030423
89	141	2.2980127494415683
90	140	1.5489038385280764
91	139	2.39997966557803
92	138	1.430236134059669
93	137	2.001208628934819
94	136	0.8976810747858508
95	135	1.1582334092950077
86	145	1.6042582544873767
87	144	2.2008382085596168
88	143	2.2008382085596168
89	142	2.2946969826825807
90	141	2.2946969826825807
91	140	2.3965196608605766
92	139	2.3965196608605766
93	138	1.99832339090608
94	137	1.99832339090608
95	136	1.156563972933327
96	135	1.156563972933327
87	145	2.518560294877261
88	144	2.197678324510889
89	143	2.8230928407492684
90	142	2.291400304434319
91	141	3.140028303336294
92	140	2.393079577870594
93	139	2.962401701345698
94	138	1.995454765174145
95	137	2.265619124539171
96	136	1.154904149637332
87	146	2.514958503447815
88	145	2.514958503447815
89	144	2.819052859480962
90	143	2.819052859480962
91	142	3.135537137488427
92	141	3.135537137488427
93	140	2.958163247722041
94	139	2.958163247722041
95	138	2.262383043308091
96	137	2.262383043308091
97	136	1.13826681977298
88	146	2.5113772705499287
89	145	3.1350004859555156
90	144	2.815035935332162
91	143	3.6612440910189434
92	142	3.131071606088881
93	141	3.69876221028062
94	140	2.9539489848443736
95	139	3.2265928695696857
96	138	2.2591654376919905
97	137	2.2648577399090755
88	147	2.6215275339450272
89	146	3.1305515906724395
90	145	3.1305515906724395
91	144	3.656050393370606
92	143	3.656050393370606
93	142	3.6935132510920994
94	141	3.6935132510920994
95	140	3.2220169983788765
96	139	3.2220169983788765
97	138	2.261643936762084
89	147	3.2396779837558825
90	146	3.1261278700135335
91	145	3.96994361238103
92	144	3.650886086844366
93	143	4.216963650118032
94	142	3.6882939938036543
95	141	3.962518202616593
96	140	3.2174670236358907
97	139	3.223130422475606
89	148	3.235119068108361
90	147	3.235119068108361
91	146	3.9643587285277135
92	145	3.9643587285277135
93	144	4.211028739927315
94	143	4.211028739927315
95	142	3.9569427826550054
96	141	3.9569427826550054
97	140	3.2185917495989997
98	139	3.2185917495989997
90	148	3.230585732268537
91	147	4.072035951776343
92	146	3.958805182723154
93	145	4.523287820181849
94	144	4.205127129477205
95	143	4.465397528289941
96	142	3.951398646992857
97	141	3.9570334413665478
98	140	3.2140785400702043
90	149	3.876064593682713
91	148	4.0663551036695935
92	147	4.0663551036695935
93	146	4.516974525527985
94	145	4.516974525527985
95	144	4.459171309184967
96	143	4.459171309184967
97	142	3.95150609223856
98	141	3.95150609223856
99	140	2.927943373892049
91	149	4.727355023601376
92	148	4.06070586574242
93	147	4.623611339362469
94	146	4.510696357494908
95	145	4.774892431417356
96	144	4.452979739166494
97	143	4.4733717864705795
98	142	3.946009492554822
99	141	3.6624180659523518
91	150	4.720814700815481
92	149	4.720814700815481
93	148	4.617211376251362
94	147	4.617211376251362
95	146	4.768287020659045
96	145	4.768287020659045
97	144	4.467174014283046
98	143	4.467174014283046
99	142	3.6573417394261014
100	141	3.6573417394261014
92	150	4.714310469353222
93	149	5.260198019907875
94	148	4.6108467270191795
95	147	4.877499177098798
96	146	4.761718061895408
97	145	4.778533074334064
98	144	4.461010434799846
99	143	4.176554584364112
100	142	3.6522934167442145
92	151	4.911448061368901
93	150	5.252984111330079
94	149	5.252984111330079
95	148	4.8708056812647555
96	147	4.8708056812647555
97	146	4.771966375004467
98	145	4.771966375004467
99	144	4.170813409359653
100	143	4.170813409359653
93	151	5.473944521572776
94	150	5.245809688408826
95	149	5.53224672561646
96	148	4.864148818610374
97	147	4.878472174699709
98	146	4.765435605707353
99	145	4.480633014165505
100	144	4.165103645995714
101	143	4.69876668631332
93	152	5.4664914149589094
94	151	5.4664914149589094
95	150	5.524715062747418
96	149	5.524715062747418
97	148	4.8718224440685844
98	147	4.8718224440685844
99	146	4.47452419231513
100	145	4.47452419231513
101	144	4.692370431721429
94	152	5.459078763586149
95	151	5.726467179950305
96	150	5.517224282623374
97	149	5.524071381718386
98	148	4.865208801109475
99	147	4.58043680832543
100	146	4.46844852151753
101	145	5.000680258668581
94	153	5.621138931441237
95	152	5.718739908033058
96	151	5.718739908033058
97	150	5.51660525088937
98	149	5.51660525088937
99	148	4.574242453991246
100	147	4.574242453991246
101	146	4.993927592053296
95	153	5.886941410666623
96	152	5.711054247756692
97	151	5.748843549430603
98	150	5.509179313468849
99	149	5.2295746856807455
100	148	4.568081443359006
101	147	5.098897343929821
102	146	4.987211283642864
95	154	5.879057932642354
96	153	5.879057932642354
97	152	5.741135032537386
98	151	5.741135032537386
99	150	5.222560129048361
100	149	5.222560129048361
101	148	5.092067154972938
102	147	5.092067154972938
96	154	5.871216563808048
97	153	5.908878038919283
98	152	5.733467680393005
99	151	5.467408971603618
100	150	5.215583029317713
101	149	5.730478409665011
102	148	5.085273446758947
96	155	5.8429767813695435
97	154	5.901014964393653
98	153	5.901014964393653
99	152	5.460134588038272
100	151	5.460134588038272
101	150	5.722869827145587
102	149	5.722869827145587
103	148	5.350948502250503
96	156	5.835243169649402
97	155	5.872778121911324
98	154	5.893193543186499
99	153	5.621201100690087
100	152	5.452898740918499
101	151	6.0000592510996285
102	150	5.715301565948721
103	149	6.002150185252503
97	156	5.865022546267028
98	155	5.865022546267028
99	154	5.613780941007462
100	153	5.613780941007462
101	152	5.992149495225021
102	151	5.992149495225021
103	150	5.994236071428531
104	149	5.994236071428531
97	157	5.646035044754171
98	156	5.857307728324486
99	155	5.581287770637573
100	154	5.606399779816456
101	153	6.15213986278377
102	152	5.984281320191258
103	151	6.274713527311178
104	150	5.98636355988765
98	157	5.638635487709507
99	156	5.573977817263767
100	155	5.573977817263767
101	154	6.1440927218836805
102	153	6.1440927218836805
103	152	6.266506491520886
104	151	6.266506491520886
105	150	5.987078817984184
98	158	5.631274511353695
99	157	5.3527044912598285
100	156	5.566705982338135
101	155	6.1110405066256135
102	154	6.136087552592471
103	153	6.427422144428419
104	152	6.258342261964572
105	151	6.295197272100268
99	158	5.3457481630557595
100	157	5.3457481630557595
101	156	6.1031091553595616
102	155	6.1031091553595616
103	154	6.419079538713049
104	153	6.419079538713049
105	152	6.287019851934929
99	159	4.940163134102477
100	158	5.338827827427849
101	157	5.881771391644179
102	156	6.095218850458878
103	155	6.386943577738748
104	154	6.41078010739875
105	153	6.4475241827713035
106	152	6.278884745352116
100	159	4.933792100677238
101	158	5.874196635920271
102	157	5.874196635920271
103	156	6.3787168117378314
104	155	6.3787168117378314
105	154	6.439212487470286
106	153	6.439212487470286
100	160	4.9274537771771065
101	159	5.469020716933301
102	158	5.866660779164704
103	157	6.158391051091712
104	156	6.370532292019561
105	155	6.407166545276596
106	154	6.430943468272744
107	153	6.186367658327072
101	160	5.462031793847018
102	159	5.462031793847018
103	158	6.150519124124912
104	157	6.150519124124912
105	156	6.398969393670086
106	155	6.398969393670086
107	154	6.178451277574823
101	161	4.877163777802707
102	160	5.455078487166247
103	159	5.746532347120592
104	158	6.1426873119417
105	157	6.179212836087572
106	156	6.390814007650079
107	155	6.145719077248941
102	161	4.870979112358327
103	160	5.739242680256211
104	159	5.739242680256211
105	158	6.17136682164346
106	157	6.17136682164346
107	156	6.137914253758936
108	155	6.137914253758936
102	162	4.864825726031086
103	161	5.155801908291323
104	160	5.73198987914293
105	159	5.768407748039863
106	158	6.163560479858461
107	157	5.918329750262274
108	156	6.130148893674232
103	162	5.149311127957844
104	161	5.149311127957844
105	160	5.761138056878735
106	159	5.761138056878735
107	158	5.9108700957604015
108	157	5.9108700957604015
109	156	5.605947095956253
103	163	4.39031440049348
104	162	5.142852926199339
105	161	5.179164195021258
106	160	5.753904847005288
107	159	5.508819707751172
108	158	5.903447875147322
109	157	5.387393991882163
104	163	4.384829073856963
105	162	5.172685376712252
106	161	5.172685376712252
107	160	5.501927772410454
108	159	5.501927772410454
109	158	5.380655058128468
110	157	5.380655058128468
104	164	4.3793710737900255
105	163	4.415576779518233
106	162	5.166238827398047
107	161	4.921500522040333
108	160	5.495070163212404
109	159	4.980175256106122
110	158	5.373949689565052
105	164	4.410093470432912
106	163	4.410093470432912
107	162	4.91538851362202
108	161	4.91538851362202
109	160	4.973991683313216
110	159	4.973991683313216
105	165	4.026751504420645
106	164	4.404637268798979
107	163	4.160385304131523
108	162	4.9093067205130865
109	161	4.395625484368793
110	160	4.967838680846398
106	165	4.021788461624965
107	164	4.155255766972914
108	163	4.155255766972914
109	162	4.390207472194561
110	161	4.390207472194561
106	166	4.01684977401419
107	165	3.774429165049696
108	164	4.150151400764116
109	163	3.6377161762493415
110	162	4.384816047961976
111	161	3.6157334319614165
106	167	3.465975025604166
107	166	3.769809366789559
108	165	3.769809366789559
109	164	3.633264437102298
110	163	3.633264437102298
111	162	3.61130642304488
107	167	3.219767434528876
108	166	3.7652120722550535
109	165	3.2543897975474465
110	164	3.6288343838150467
111	163	2.8616233055536213
107	168	3.2158543720306625
108	167	3.2158543720306625
109	166	3.250435763470705
110	165	3.250435763470705
111	164	2.85814370369917
107	169	2.499018487522335
108	168	3.2119602316897726
109	167	2.702342536357719
110	166	3.246500850735174
111	165	2.481143177255035
112	164	2.854680926781839
107	170	2.496002064825916
108	169	2.496002064825916
109	168	2.6990821898643844
110	167	2.6990821898643844
111	166	2.4781472228251005
112	165	2.4781472228251005
107	171	2.326409862914261
108	170	2.4930001224201987
109	169	1.984596177885578
110	168	2.6958374959694993
111	167	1.9323153994791937
112	166	2.47516564979378
113	165	1.4507827447250747
108	171	2.3236217999874498
109	170	1.982217771787873
110	169	1.982217771787873
111	168	1.9299974236046182
112	167	1.9299974236046182
113	166	1.4490385606795826
108	172	2.3208470253312043
109	171	1.821089380065132
110	170	1.9798507016485019
111	169	1.2181466522742994
112	168	1.927690494005219
113	167	0.9057480118099193
109	172	1.8189222399432765
110	171	1.8189222399432765
111	170	1.2166933649104976
112	169	1.2166933649104976
113	168	0.9046635470676847
109	173	1.5894744456691114
110	172	1.816765355395546
111	171	1.065427808601271
112	170	1.2152469522116007
113	169	0.19572175414123194
110	173	1.5875957300831942
111	172	1.0641650174820825
112	171	1.0641650174820825
113	170	0.1954822439029158
110	174	1.5857258420492144
111	173	0.8361726857219764
112	172	1.0629081573615622
113	171	0.05591490012830036
114	170	0.1952438531043299
111	174	0.8352523182011282
112	173	0.8352523182011282
113	172	0.05591385495335999
114	171	0.05591385495335999
111	175	0.2787164000037592
112	174	0.8342062377023467
113	173	-0.1704151959702358
114	172	0.05576714346261724
112	175	0.27838578197042807
113	174	-0.17022561676367332
114	173	-0.17022561676367332
115	172	-0.32314377873171907
112	176	0.27805669184726867
113	175	-0.7164975836121812
114	174	-0.17003692231355672
115	173	-0.5482152013109953
113	176	-0.7156788989213965
114	175	-0.7156788989213965
115	174	-0.5475908566477301
116	173	-0.5475908566477301
113	177	-1.5459493085054419
114	176	-0.7148639886281671
115	175	-1.082341056419864
116	174	-0.5469693923769228
114	177	-1.5441872107485324
115	176	-1.0811089734861525
116	175	-1.0811089734861525
117	174	-1.1846850438432739
115	177	-1.9088738510745316
116	176	-1.0796572825383919
117	175	-1.7072348603342107
116	177	-1.906744546693517
117	176	-1.7054416405071606
118	175	-1.7054416405071606
117	177	-2.507389457617137
118	176	-1.7035121382605212
118	177	-2.5044945017962164
