Z	N	sc
0	1	-3.4313068018900026
1	0	-3.4313068018900026
1	1	-5.400135230011458
1	2	-4.717480345768095
2	1	-4.717480345768095
3	0	3.5999992288996765
1	3	1.5505355486958194
2	2	-4.286137775660649
3	1	1.5505355486958194
1	4	1.439369071685718
2	3	1.439369071685718
3	2	1.439369071685718
4	1	1.439369071685718
1	5	-2.272345811096784
2	4	1.3544800332370528
3	3	5.76306252079479
4	2	1.3544800332370528
5	1	-2.272345811096784
1	6	-2.158558160230001
2	5	-2.158558160230001
3	4	5.474408324757064
4	3	5.474408324757064
5	2	-2.158558160230001
2	6	-2.0646089086378367
3	5	1.8727324747179352
4	4	5.236076907878072
5	3	1.8727324747179352
6	2	-2.0646089086378367
2	7	-3.6191541344275606
3	6	1.8006161055299685
4	5	1.8006161055299685
5	4	1.8006161055299685
6	3	1.8006161055299685
2	8	-3.494276129334139
3	7	0.309508577467966
4	6	-0.3652662004512024
5	5	-1.4308407743570513
6	4	-2.441870703327055
7	3	0.309508577467966
3	8	0.29981723058597254
4	7	0.29981723058597254
5	6	-1.386117743321563
6	5	-1.386117743321563
7	4	0.29981723058597254
8	3	0.29981723058597254
3	9	3.9218361198368257
4	8	0.2912342379423194
5	7	-2.814356662444027
6	6	0.9013372866908185
7	5	-2.814356662444027
8	4	0.2912342379423194
3	10	3.818598492905892
4	9	3.818598492905892
5	8	-2.74028132913179
6	7	-2.74028132913179
7	6	-2.74028132913179
8	5	-2.74028132913179
9	4	3.818598492905892
4	10	3.7254405944938753
5	9	0.8269011588949979
6	8	-1.1227892791853264
7	7	-4.181465347232745
8	6	-2.6734386415608924
9	5	0.8269011588949979
4	11	4.128025901427009
5	10	0.8080801336353716
6	9	0.8080801336353716
7	8	-4.086416708433944
8	7	-4.086416708433944
9	6	0.8080801336353716
10	5	0.8080801336353716
4	12	4.040169864478571
5	11	1.252876318346921
6	10	0.7908613548286212
7	9	-1.1583931584169136
8	8	-3.9966043037541112
9	7	-1.1583931584169136
10	6	0.7908613548286212
5	12	1.227792319096352
6	11	1.227792319096352
7	10	-1.1352289613734001
8	9	-1.6325562245189076
9	8	-1.6325562245189076
10	7	-1.1352289613734001
11	6	1.227792319096352
5	13	-0.6934709121676974
6	12	1.2046019191325286
7	11	-0.669249956030626
8	10	-1.19332637775301
9	9	-1.1331177895376072
10	8	-1.1908697865216027
11	7	-0.669249956030626
5	14	-0.6811078189821842
6	13	-0.6811078189821842
7	12	-0.6573062389748543
8	11	-0.7316818703620811
9	10	-2.1871140593306677
10	9	-2.2681131463848487
11	8	-0.6952230530860106
12	7	-0.6573062389748543
5	15	-1.3278547367444276
6	14	-0.6695835588931232
7	13	-2.4173899882488286
8	12	-0.7417366791085556
9	11	-2.314859687613648
10	10	-3.0816072215952772
11	9	-2.621290363624553
12	8	-1.710520000087513
5	16	-1.3064544863844958
6	15	-1.3064544863844958
7	14	-2.378410940768447
8	13	-2.2827058798046664
9	12	-2.1516507394623545
10	11	-2.8944252036454827
11	10	-2.8944252036454827
12	9	-2.571511110199765
13	8	-2.214994229504896
6	16	-1.2863718442617937
7	15	-2.859017007902594
8	14	-2.3418315477570104
9	13	-0.9680978398336038
10	12	-2.887836421296356
11	11	-2.616334408679279
12	10	-2.887836421296356
13	9	-0.9680978398336038
14	8	-2.341814851100935
6	17	0.4208036040871548
7	16	-2.816987041700486
8	15	-2.816987041700486
9	14	-0.44089718064753924
10	13	-0.830063399735252
11	12	-2.579197341566328
12	11	-2.5801823048389565
13	10	-0.8819498664636285
14	9	-1.3812660037996807
7	17	-0.9116688676126614
8	16	-2.7773072449861615
9	15	-0.6112514767810922
10	14	-0.04680401127836831
11	13	-0.8047988861590056
12	12	-2.6424109281741153
13	11	-0.7678154350341515
14	10	-1.6908017975364373
15	9	-0.7035298021368135
7	18	-0.8993692677956915
8	17	-1.080690288210178
9	16	-0.7626422479359576
10	15	-0.37364127748332976
11	14	-0.9876745604940993
12	13	-0.7808990383235255
13	12	-0.7808990383235255
14	11	-1.8901774194857808
15	10	-0.7505317283717545
8	18	-0.8877089998537713
9	17	0.7949558041989349
10	16	-0.7644258947397589
11	15	-1.2131195628487603
12	14	-1.8705683439757763
13	13	-0.052462460673496025
14	12	-1.9548233423331567
15	11	-0.9646309523943728
16	10	-0.7904785907086875
8	19	-0.6808207114532934
9	18	0.7850330372052667
10	17	0.7794179335503486
11	16	-1.1471890967663967
12	15	-1.1665711698884706
13	14	-3.1938977973657643
14	13	-3.1291083878819563
15	12	-0.9299383798571625
16	11	-0.8980652692211493
8	20	-0.6965680597585333
9	19	1.8127919276383864
10	18	1.6852996743742779
11	17	-0.2974241227101402
12	16	-1.136747962704817
13	15	-0.9551128740822605
14	14	-3.0914119002084703
15	13	-0.9551128740822605
16	12	-0.8872583567077186
17	11	0.8230407054304578
9	20	1.9141365041058407
10	19	1.9141365041058407
11	18	1.5509494019056547
12	17	-0.29397221501881177
13	16	-0.8305045839914555
14	15	-1.4163641014645236
15	14	-1.4698523654587916
16	13	-0.8203628445788809
17	12	0.7833331414674376
18	11	0.4905394506538414
9	21	1.4208052739742243
10	20	2.091949050667381
11	19	2.162055072070416
12	18	0.8112098678710709
13	17	0.04988448683718616
14	16	-1.730633618628758
15	15	-1.945740204916433
16	14	-1.7078310990418686
17	13	-0.7146465704155389
18	12	0.4850131877650483
9	22	-0.052761656595862405
10	21	1.4053688513993166
11	20	2.313998009756915
12	19	2.1263470891624365
13	18	-0.4146177107551239
14	17	-0.7152739033660964
15	16	-1.2968998856873668
16	15	-1.320695103626349
17	14	-0.7273639698455554
18	13	-0.9365736587363926
19	12	1.8711998212918388
10	22	-0.891689498611413
11	21	1.367806578689624
12	20	2.2896252267230466
13	19	0.5074232299698451
14	18	-0.4102633157663149
15	17	-0.6047902592881655
16	16	-1.1743193207781815
17	15	-0.4461926930877098
18	14	-0.9267215958699353
19	13	0.6980517675926876
10	23	-1.013700860150493
11	22	-0.7675482832435137
12	21	1.3638037527642837
13	20	0.42896935433896033
14	19	0.44375441720774234
15	18	-0.8952770327210828
16	17	-0.5217201099311524
17	16	-0.2936867208413787
18	15	-0.5217201099311524
19	14	0.3927993029715253
20	13	0.43141137691191034
10	24	-0.9857001917018806
11	23	-0.9894626214652362
12	22	-0.2933435081274638
13	21	0.5794116044141902
14	20	0.38890285824322746
15	19	-0.33931304749580704
16	18	-0.29078440831858643
17	17	0.5729896803711654
18	16	-0.34294649065759586
19	15	-0.5305380617033961
20	14	0.38890285824322746
11	24	-0.9068785729107276
12	23	-0.9895032948079461
13	22	0.536992556540099
14	21	0.6256007091608353
15	20	-0.5496842402685616
16	19	-0.08823428961409263
17	18	0.5674862503707345
18	17	0.5674862503707345
19	16	-0.4976801482175688
20	15	-0.5496842402685616
21	14	0.5902282948421771
11	25	-1.4434617493341193
12	24	-0.9401256718338118
13	23	-0.5284537251169468
14	22	1.0427938068296498
15	21	-0.29326846510934956
16	20	-0.5445553025676872
17	19	0.7952423362027048
18	18	0.5823096000322039
19	17	0.8126801968444397
20	16	-0.5445553025676872
21	15	-0.21233034218209923
11	26	-1.276840839911074
12	25	-1.509459391430255
13	24	-0.35987016746867084
14	23	-0.6797298279301458
15	22	-0.19987912573310496
16	21	-0.2906098344194561
17	20	0.8699289600265274
18	19	0.8530933221738906
19	18	0.8202024006952797
20	17	0.8277414737589197
21	16	-0.21040739327690972
22	15	-0.20156039079006405
11	27	-0.7652982432480258
12	26	-1.3485224890139307
13	25	-0.8752711236390951
14	24	-0.5727293379096636
15	23	-1.186078473297357
16	22	-0.19811702853451152
17	21	0.7830733787293411
18	20	0.9124268404493705
19	19	1.230993428448869
20	18	0.9124268404493705
21	17	0.8572919597536384
22	16	-0.19811702853451152
11	28	-0.7244754284254213
12	27	-0.7587144366174243
13	26	-0.9812405887890918
14	25	-1.1229497652990403
15	24	-1.0039323727071405
16	23	-1.1725666010462419
17	22	0.9558604178449741
18	21	1.0474234266325766
19	20	1.1660133665242256
20	19	1.0809206686654989
21	18	0.8499055927067047
22	17	0.8878523120463342
23	16	-1.0637854896391445
12	28	-1.1671100946093702
13	27	-2.3058924524547137
14	26	-1.0933766131412312
15	25	-1.7038269633335403
16	24	-0.9809719753887975
17	23	-0.1404249516422169
18	22	1.1645677369152736
19	21	1.4386236440151379
20	20	1.0635401903806496
21	19	1.4708984637991307
22	18	1.1645677369152736
23	17	-0.045092086133877274
12	29	-0.45899395167350576
13	28	-2.2819418847851693
14	27	-2.320491434173732
15	26	-1.5640320474306009
16	25	-1.4123861652977894
17	24	-0.0928140335279295
18	23	0.21626962294203622
19	22	1.5073817301265535
20	21	1.580354626873941
21	20	1.580354626873941
22	19	1.5130748212313847
23	18	-0.08090798706302849
24	17	-0.0928140335279295
13	29	-1.6536671827791452
14	28	-2.263696434889539
15	27	-2.3177834643594224
16	26	-1.666718798878378
17	25	-1.0057432200239873
18	24	0.7563412607028113
19	23	0.997760823763997
20	22	1.753531327397809
21	21	1.4482258978496247
22	20	1.7455393943840818
23	19	0.9134290181908682
24	18	-0.08025903892075803
13	30	-1.6407591594468158
14	29	-1.6166456450055193
15	28	-1.777588942845341
16	27	-1.8982201135095238
17	26	-0.9077539161138475
18	25	-1.1218140263009673
19	24	0.9934370228252192
20	23	1.2809787939224861
21	22	1.6904189827881737
22	21	1.6904189827881737
23	20	1.2809787939224861
24	19	0.786775513815769
25	18	-1.0204985032156628
14	30	-1.5919941916620246
15	29	-0.9361424436629022
16	28	-2.030250217892444
17	27	-1.9425181632719841
18	26	-0.6995616910497802
19	25	-0.06454649222678199
20	24	1.4028642803617686
21	23	1.1529443184846286
22	22	2.4165122866093043
23	21	0.8451222573953601
24	20	1.3901977716332112
25	19	-0.27469815570998435
14	31	-1.1919922743700226
15	30	-1.400318957929585
16	29	-1.688600367784602
17	28	-2.0389094474156764
18	27	-2.0440138160307697
19	26	-0.07636911825238712
20	25	0.04010309707541637
21	24	1.3003737713585224
22	23	1.3003737713585224
23	22	1.4839253516064446
24	21	0.5783823960150585
25	20	0.0034254799495556654
26	19	-0.3356716138524689
15	31	-0.45816783502300495
16	30	-1.6674466877483383
17	29	-1.1243267772911167
18	28	-2.1150214110032266
19	27	-1.740115254045918
20	26	0.11580766600150127
21	25	0.07278590875080226
22	24	1.6670656291421437
23	23	-1.220852007820099
24	22	-0.04682007500423424
25	21	-0.6500508903878881
26	20	0.1049101213159247
15	32	-0.4535766095797271
16	31	-0.49502488135397016
17	30	-0.9442067159458247
18	29	-1.2412206818587492
19	28	-1.9049951107488141
20	27	-1.9390589850791002
21	26	0.44903935941033524
22	25	-0.03720698021459157
23	24	-1.2370580566473564
24	23	-1.2469413088075498
25	22	-0.6454166471949065
26	21	-0.18360496890466038
27	20	-1.8617268018955428
16	32	-0.44488607422863424
17	31	0.24344265031311352
18	30	-0.9451383729553982
19	29	-0.5781420221209146
20	28	-2.010104500842772
21	27	-1.5997308482142216
22	26	0.59547018793387
23	25	-2.0665584848829894
24	24	-1.22895323604223
25	23	-2.0995430804257467
26	22	0.59547018793387
27	21	-1.5997308482142216
28	20	-2.010104500842772
16	33	-0.27887668596338244
17	32	0.24178329947369548
18	31	0.27818415880642533
19	30	-0.5738507780738473
20	29	-0.44076953146100095
21	28	-1.5856441586399797
22	27	-1.567827507067932
23	26	-1.9312430020022475
24	25	-2.0809081666515112
25	24	-2.0851682933429174
26	23	-1.78895924896392
27	22	-1.5887774157422427
28	21	-1.6468816305581413
17	33	0.21029578670993487
18	32	0.23912893724696005
19	31	0.3995455214475214
20	30	-0.43781334409732153
21	29	-0.3512787272455853
22	28	-1.3156781144318757
23	27	-2.4130246586295243
24	26	-2.0390126533026205
25	25	-2.8936152896602607
26	24	-2.0390126533026205
27	23	-2.244765653792456
28	22	-1.3994701046860882
17	34	0.20077944653507984
18	33	0.20077944653507984
19	32	0.5960016919004829
20	31	0.22563582152292838
21	30	-0.3489675802388774
22	29	-0.06943568099268305
23	28	-1.8416426327919453
24	27	-2.415704039297907
25	26	-2.882326524200721
26	25	-2.879847185291169
27	24	-2.282859503904888
28	23	-1.8416426327919453
17	35	-0.23770899786109112
18	34	0.19947376515187898
19	33	1.467699002720451
20	32	0.22417552134334073
21	31	0.5893402336575946
22	30	0.1907508356116523
23	29	-1.0108104826837234
24	28	-1.604763401064588
25	27	-3.3459335946987494
26	26	-2.5693266150188947
27	25	-3.4835134545228357
28	24	-1.7298988072780048
29	23	-1.3949089068872809
18	35	-0.22820464005076246
19	34	-0.46395797299965125
20	33	1.8938359426476836
21	32	0.5991753899202195
22	31	0.775557535914686
23	30	-1.7053888910228352
24	29	-1.0044103828547577
25	28	-2.964610544365314
26	27	-3.4663899037606143
27	26	-3.393015554395106
28	25	-2.964610544365314
29	24	-1.3860851241305454
18	36	-0.19352795353256624
19	35	1.0981130917317614
20	34	2.235259055966935
21	33	1.6058198103227141
22	32	0.743881190116781
23	31	-0.41262772202310316
24	30	-2.0036425851972126
25	29	-2.8359256245622646
26	28	-2.7852155890265067
27	27	-4.840585453159747
28	26	-2.7852155890265067
29	25	-2.7493063619172062
30	24	-2.038560766895216
19	36	1.6028662393212016
20	35	3.0751975325476906
21	34	1.6421716159844664
22	33	1.596022728847629
23	32	-0.5876342518013189
24	31	-0.5876342518013189
25	30	-3.0403158135845842
26	29	-1.7481091748647941
27	28	-4.843278569058157
28	27	-4.820615597967617
29	26	-2.316502608026326
30	25	-3.0403158135845842
19	37	2.16591028590733
20	36	3.0567914189455223
21	35	2.405048835192474
22	34	1.4498334114707632
23	33	0.16364634990031846
24	32	-0.656975315088971
25	31	-1.665734264125831
26	30	-2.7940533683109834
27	29	-3.8110582445092405
28	28	-4.769534984945267
29	27	-3.8110582445092405
30	26	-2.9352208775759436
31	25	-1.686179643844298
19	38	2.1930637144464527
20	37	3.3381312553847238
21	36	2.372289455167447
22	35	2.173491776729634
23	34	0.1626772719512246
24	33	0.11969987427346496
25	32	-1.6762641159491523
26	31	-1.548597707228737
27	30	-3.7330072114459654
28	29	-3.620380722525624
29	28	-3.7215606045874665
30	27	-3.7391781352889666
31	26	-1.6100686982649677
19	39	3.1798861410943573
20	38	3.752788459538351
21	37	2.631776892728112
22	36	2.3585695109841254
23	35	0.9236280187303691
24	34	0.1258523102013669
25	33	-1.0338783036477253
26	32	-1.6059923025701437
27	31	-2.7325512020233873
28	30	-3.497251431597988
29	29	-2.8434582946733826
30	28	-3.497251431597988
31	27	-2.326730717303917
32	26	-1.6059923025701437
19	40	3.8869908936235333
20	39	3.826414134179686
21	38	3.295527226752256
22	37	2.61681493244987
23	36	0.9183739944182889
24	35	0.30533760078606065
25	34	-1.0280088265230916
26	33	-0.870179314329107
27	32	-2.531257785854905
28	31	-3.0041067678064337
29	30	-3.066100606734608
30	29	-3.066100606734608
31	28	-3.0041067678064337
32	27	-2.1814234041082727
20	40	3.8052852417692975
21	39	3.8836261960661886
22	38	4.257103216606083
23	37	1.639000483264681
24	36	0.31871417764614307
25	35	-0.7154183245156673
26	34	-0.8653201559873196
27	33	-1.4615417177042218
28	32	-2.9873322554922197
29	31	-2.0084310179117892
30	30	-3.1894723619891465
31	29	-2.0084310179117892
32	28	-2.8223668605205603
33	27	-1.2541445941237725
20	41	3.4328605789210087
21	40	4.3381733874134625
22	39	4.450078060968053
23	38	2.136441052330383
24	37	1.6299839846960822
25	36	-0.7114955065601407
26	35	-0.5396460625499913
27	34	-1.4456318118157014
28	33	-1.6299832785327908
29	32	-1.947834108280631
30	31	-1.8814114838160094
31	30	-1.8979277021328471
32	29	-1.947834108280631
33	28	-1.6026529260000189
21	41	3.581376602277487
22	40	4.426028141993129
23	39	4.00216412921236
24	38	2.124881975593098
25	37	0.6786023458826094
26	36	-0.3555072710250897
27	35	-0.8871588210840855
28	34	-1.621176452954387
29	33	-1.2870295849349986
30	32	-1.8657102434347053
31	31	-0.6402476304585889
32	30	-1.8899471719478242
33	29	-1.2870295849349986
21	42	3.8555640272136316
22	41	3.8555640272136316
23	40	3.980865055227696
24	39	4.091297193621585
25	38	1.130293624847809
26	37	0.8048982408815846
27	36	-0.690502851161682
28	35	-0.6801973616743453
29	34	-1.2801854425033525
30	33	-1.1646158893345273
31	32	-0.6368280599310765
32	31	-0.6368862283952694
33	30	-1.1646158893345273
34	29	-1.2885416600797726
22	42	4.229951922703549
23	41	3.28308142090782
24	40	4.069866425172904
25	39	2.461736179184527
26	38	1.4981929249070163
27	37	-0.5348596143744544
28	36	-0.6618245395770828
29	35	-0.4388823507199504
30	34	-1.154137429394268
31	33	-0.08305501258837467
32	32	-0.6326748453845994
33	31	-0.06975635523826895
34	30	-1.261565420682473
22	43	3.034729903574089
23	42	3.692913047027332
24	41	3.2661473150128586
25	40	2.761421675018937
26	39	2.761421675018937
27	38	0.41997591624590314
28	37	-0.22987503550803012
29	36	-0.5607257819765437
30	35	-0.9628313672965305
31	34	-0.08262228640842295
32	33	-0.23946465281733254
33	32	-0.23946465281733254
34	31	-0.23946465281733254
35	30	-1.7431756984401545
23	43	0.4188256448865104
24	42	3.877941306174762
25	41	2.090505219113993
26	40	2.7473952933426062
27	39	0.6648441644802006
28	38	0.4787610594412399
29	37	-0.25799075439681474
30	36	-1.221837717408107
31	35	-1.2711286604003362
32	34	-0.23824209737040292
33	33	-0.08300265678417418
34	32	-0.4782473052164278
35	31	-1.5389600570906623
23	44	0.05766944592301115
24	43	0.05766944592301115
25	42	2.383123689304739
26	41	2.080044317531474
27	40	0.6094326482550514
28	39	0.5658499190897146
29	38	0.4042186667504666
30	37	-0.7122676518793014
31	36	-1.1574402171265774
32	35	-1.458212203795938
33	34	-0.08258227211990743
34	33	-0.08258227211990743
35	32	-1.5312746664676524
36	31	-1.449959949476579
24	44	-0.018126691456018307
25	43	-0.6304624526824227
26	42	2.571162796354429
27	41	0.2344638338445293
28	40	0.5630509181401067
29	39	1.310412180244839
30	38	-0.3891341690248282
31	37	-0.04615763573974618
32	36	-1.4510369175091
33	35	-1.455477714907829
34	34	-0.34414105707423914
35	33	-1.5489878730111286
36	32	-1.6191184821275328
24	45	-0.45789366564554257
25	44	-0.9505626399918583
26	43	1.1191867301158709
27	42	0.23331536509886064
28	41	0.19300910841957375
29	40	1.537369265244024
30	39	1.537369265244024
31	38	0.2487521679022393
32	37	-0.6173686116921999
33	36	-1.5414779057164196
34	35	-1.6146258690555442
35	34	-1.6146258690555442
36	33	-1.7105966070200793
24	46	-0.4557090218122539
25	45	-1.38375253967547
26	44	-0.6124900710115071
27	43	-0.8101999141426859
28	42	0.4100352723460219
29	41	0.7257736344820387
30	40	1.578626989444274
31	39	0.15158603514828428
32	38	-0.26618848098337367
33	37	-0.9205894805309072
34	36	-1.6069107294397327
35	35	-2.0879891581860193
36	34	-1.7024226349631135
25	46	-1.3772315843975775
26	45	-1.4351499512345072
27	44	-0.8710083006139939
28	43	-0.3308699879130472
29	42	1.0639422299400394
30	41	0.9555345156020394
31	40	0.014083609355338922
32	39	0.014083609355338922
33	38	-0.7647247047905239
34	37	-1.320310402303221
35	36	-2.0581033864446
36	35	-2.0581033864446
37	34	-1.6653509634529655
25	47	-2.3895963933482562
26	46	-1.4203753030653843
27	45	-2.2824238982091174
28	44	-0.3293422059114164
29	43	-0.5300049068309818
30	42	1.2762889798073047
31	41	-0.06741789664147291
32	40	-0.09125178852718818
33	39	-0.279666066597656
34	38	-1.3248042226728103
35	37	-2.0647980759556503
36	36	-2.075715632130141
37	35	-2.0486035012445427
25	48	-2.6562723885497235
26	47	-2.6562723885497235
27	46	-2.2464329508691208
28	45	-1.621664206146761
29	44	-0.6862574780411705
30	43	-1.1620381981995251
31	42	-0.06710297440304203
32	41	-0.1293488740302564
33	40	-0.0681803227535056
34	39	-0.46568933526987166
35	38	-2.2119848999727765
36	37	-2.039210139580973
37	36	-2.039210139580973
38	35	-1.8748212702917044
26	48	-2.644259719222646
27	47	-3.471141925369011
28	46	-1.7597160921204704
29	45	-1.9695133843172243
30	44	-1.2245153880362523
31	43	-0.18512990451449696
32	42	-0.20172857570833003
33	41	0.023353925338369663
34	40	-0.06787659459223505
35	39	-1.945622367646365
36	38	-1.8559547313673193
37	37	-2.1524014586307203
38	36	-1.8559547313673193
26	49	-3.9175175389284504
27	48	-3.7923665569815057
28	47	-3.645190355571458
29	46	-1.960731609222421
30	45	-1.9323425440156825
31	44	-0.18429959586046607
32	43	-0.16793165627632334
33	42	0.02324467967059718
34	41	0.02324467967059718
35	40	-0.9102491763530907
36	39	-1.9244805450271087
37	38	-1.6859841161988243
38	37	-1.6859841161988243
39	36	-1.9244805450271087
26	50	-3.7134316917304204
27	49	-5.561324592813207
28	48	-3.4091445453359484
29	47	-3.169082770998102
30	46	-1.872184970939088
31	45	-0.5745492666676455
32	44	-0.13259256932087737
33	43	-0.4536870416993679
34	42	-0.08515922588276226
35	41	-0.8292344848384801
36	40	-1.901014722288437
37	39	-1.7979883975415305
38	38	-1.6785627097547149
39	37	-1.7979883975415305
27	50	-5.668152990282806
28	49	-5.614499614000579
29	48	-3.231761193225111
30	47	-3.1553083577784946
31	46	-0.5720465818917546
32	45	-0.5720465818917546
33	44	0.3591328794357196
34	43	-0.48530252286923314
35	42	-0.7421189980973395
36	41	-1.6087628276441137
37	40	-1.7901793869052653
38	39	-1.7901793869052653
39	38	-1.7709435152728474
40	37	-1.7709435152728474
27	51	-3.7025740375834175
28	50	-5.682834943950411
29	49	-4.667658391010036
30	48	-3.141770436814795
31	47	-1.8262115588011056
32	46	-0.5665617001434384
33	45	-0.05566740854214913
34	44	0.35759326150173365
35	43	-0.9950099749471519
36	42	-0.5550920435080116
37	41	-1.7837124874151868
38	40	-1.7825044721619179
39	39	-1.8642791531622152
40	38	-1.4823389972148107
28	51	-3.639727985719901
29	50	-4.764309998661247
30	49	-4.564249200724134
31	48	-2.142331837620759
32	47	-1.5011853615133077
33	46	-0.04749806035169968
34	45	-0.05543192375739636
35	44	-0.990798582222169
36	43	-0.9741393754684395
37	42	-1.7013549445196077
38	41	-1.762870427476173
39	40	-1.580772510767929
40	39	-1.580772510767929
41	38	-1.4665963008428662
28	52	-3.4757927668331376
29	51	-2.9728856318431554
30	50	-4.7021388636217125
31	49	-3.696813413753034
32	48	-1.9869496546475602
33	47	-0.9797053829931883
34	46	-0.04729952850129848
35	45	0.10435255088782469
36	44	-0.9794802457493006
37	43	-0.6371954135563556
38	42	-1.755498923901996
39	41	-1.5492813825837857
40	40	-1.2336432706758842
41	39	-1.3127918376326306
28	53	-1.8539358210878163
29	52	-2.8973573875800867
30	51	-3.022546722037305
31	50	-4.298329138463259
32	49	-2.786788742079807
33	48	-1.27594501105159
34	47	-0.9591023202799533
35	46	0.10391915190166401
36	45	0.19958555322227767
37	44	-0.5648242939198553
38	43	-1.4257191571680323
39	42	-1.8405616881398146
40	41	-1.2849120344953917
41	40	-0.9540837067518169
42	39	-1.3293437926981824
28	54	-1.8463742620479024
29	53	-1.4510123496629603
30	52	-2.938458959649779
31	51	-2.2738725878853074
32	50	-4.331412686347676
33	49	-2.1598616205465078
34	48	-1.2618261565278317
35	47	-1.0217554587297855
36	46	0.1987688574463391
37	45	1.034219456241317
38	44	3.7322862452683694
39	43	-1.5450086212679253
40	42	-1.256971124680149
41	41	-1.2960516628866117
42	40	-0.6612299045045802
29	54	-1.6554259220322365
30	53	-1.6554259220322365
31	52	-1.9464465785229095
32	51	-1.934491908130667
33	50	-2.8577903573293497
34	49	-2.1511500623876145
35	48	-0.9855770959379697
36	47	-0.9855770959379697
37	46	1.0300467757606384
38	45	2.477691741488343
39	44	3.8018535750193223
40	43	-0.3620987774550031
41	42	0.23964476654805367
42	41	-0.8316625612692405
43	40	-0.3620987774550031
29	55	-0.9167478801698508
30	54	-1.6117873357882218
31	53	-0.6178478783958781
32	52	-1.9386845147657823
33	51	-1.3087867434924192
34	50	-2.846397909320558
35	49	-1.7870057085160624
36	48	-0.6618222455608702
37	47	-0.4307774379228704
38	46	2.293042510650139
39	45	2.55209930629303
40	44	-0.361641406576382
41	43	-0.34575272651454725
42	42	0.23868019064843793
43	41	-0.34575272651454725
30	55	-1.085766093748589
31	54	-0.47910789426873635
32	53	-0.47910789426873635
33	52	-1.303630025616485
34	51	-1.303630025616485
35	50	-1.9085954975180357
36	49	-1.9329834523066438
37	48	-0.02079444520427387
38	47	0.3186885287204859
39	46	2.542047978692608
40	45	2.4108854499770587
41	44	-0.34439617523185007
42	43	-0.34439617523185007
43	42	-0.3480650060100743
44	41	-0.34439617523185007
30	56	-1.0590142808871406
31	55	0.03655952620442804
32	54	-0.4772345788239818
33	53	-0.038929712220351576
34	52	-1.2985535557593266
35	51	-0.6768840421468667
36	50	-1.8046401136755321
37	49	-1.5010984778969032
38	48	0.7120808744653004
39	47	0.7285888005544621
40	46	2.376789763265606
41	45	-0.7379480947429329
42	44	-0.343060754078806
43	43	-0.7862231295491711
44	42	-0.34672161621006126
31	56	0.06595487083995977
32	55	0.03708698772288699
33	54	0.0308992212112571
34	53	-0.03877390795128122
35	52	-0.7823409720538166
36	51	-0.4105392142387245
37	50	-1.5235308100347993
38	49	-1.4069156232303612
39	48	0.7926386928877491
40	47	0.725783394228074
41	46	2.144714319385457
42	45	-0.7266579319548327
43	44	-0.7832127949429832
44	43	-0.7832127949429832
31	57	0.038787912766338195
32	56	0.06571263597447796
33	55	0.6200894042474374
34	54	0.030795466436302377
35	53	0.48785949664898
36	52	-0.7793619515180126
37	51	-0.1586651595607691
38	50	-1.5061859848465247
39	49	-1.2678870714451023
40	48	0.7230206462277238
41	47	0.45652649255930555
42	46	2.3766400333581714
43	45	-1.2019078287855791
44	44	-0.7802482917372799
45	43	-1.207615400204304
32	57	-0.07669775519116229
33	56	0.4047221884636656
34	55	0.5239407607405155
35	54	0.06100447419885313
36	53	0.48602760192420646
37	52	-0.45283556412073267
38	51	0.31145982322254895
39	50	-1.4178569352613977
40	49	-1.2631277571649662
41	48	0.4548063180582176
42	47	0.31873889987673465
43	46	0.881711472156212
44	45	-1.203080120588993
45	44	-1.203080120588993
32	58	-0.076409142415514
33	57	0.2579036573756639
34	56	0.3940759911852183
35	55	0.42961187375476584
36	54	0.10163058932312197
37	53	0.9958325098834848
38	52	0.6883934580318964
39	51	0.5875214750615214
40	50	-1.412588940217347
41	49	-1.6348871508382672
42	48	0.6485618126889676
43	47	-0.9987470804358054
44	46	1.3745093052748416
45	45	-1.343260827146878
46	44	1.6772830636564322
33	58	0.2569531282240405
34	57	0.05353580444943873
35	56	0.09010416872729365
36	55	0.4280252995981755
37	54	0.5262855008058978
38	53	2.068572576615452
39	52	0.7667410893770921
40	51	0.5853644879691728
41	50	-1.5949153281208055
42	49	-1.6288887565447112
43	48	-0.5008154709496466
44	47	-0.44191531220326397
45	46	-1.13083646985001
46	45	0.1947792002922597
33	59	0.03523220740544275
34	58	0.06840746630928152
35	57	-0.16837877417469826
36	56	0.08976829515040663
37	55	-0.42123043955075445
38	54	0.5243732616690977
39	53	2.3121845067566937
40	52	0.7639539949395839
41	51	0.2963593946888068
42	50	-1.5364579286324442
43	49	-2.5427911741778644
44	48	-0.03281820926167711
45	47	-2.5617808785807483
46	46	0.46730193201597103
47	45	-2.5617808785807483
34	59	0.08859865768476993
35	58	-0.1677829562304396
36	57	-0.18373079898242395
37	56	-0.5043225356430412
38	55	-0.41076885711140676
39	54	0.36046146391254297
40	53	2.219263615856562
41	52	0.43911518046024867
42	51	0.3548827795409579
43	50	-2.20513980586702
44	49	-2.4969128428376735
45	48	-1.2261247443507273
46	47	-1.5929152202365913
47	46	-2.499176349123445
34	60	-1.475094779349547
35	59	-1.8732657203568124
36	58	-1.0902454268693873
37	57	-1.0613423059526212
38	56	-0.5413952617611812
39	55	-0.1142934179911208
40	54	0.2481556814200303
41	53	1.8578526566020628
42	52	0.6106441140600509
43	51	-0.5195816650968936
44	50	-2.197296254085586
45	49	-3.7384595792425444
46	48	-1.4989874298230461
47	47	-3.8458708503246726
48	46	-2.131255953634536
34	61	-1.9473503457720653
35	60	-1.8135245837568164
36	59	-1.8605705838924678
37	58	-1.5403007199768126
38	57	-1.395256914589936
39	56	-0.568528365737393
40	55	0.5363615674896209
41	54	-0.21607943413846442
42	53	2.1377588332065898
43	52	-0.5177480902405023
44	51	-0.5624865337942992
45	50	-3.3745493008138965
46	49	-3.7252997665598286
47	48	-3.790565403204255
48	47	-3.730681045547499
35	61	-2.308900203932353
36	60	-1.8010518052487896
37	59	-2.0349133597901528
38	58	-1.7277292304825096
39	57	-1.4618985458339466
40	56	-0.4206516923732124
41	55	-0.03266799256039121
42	54	-0.3135870752093979
43	53	-0.40014784082450205
44	52	-0.08763229828446129
45	51	-2.227404365010443
46	50	-3.362795225245918
47	49	-5.240781209600982
48	48	-3.1345583574332068
49	47	-5.271726459066258
35	62	-2.3009461947178806
36	61	-2.3009461947178806
37	60	-1.9459248569178271
38	59	-1.845186730489786
39	58	-1.8180991542949414
40	57	-1.2263715937226607
41	56	-0.6656059188221661
42	55	-0.032559956815475743
43	54	-0.5402030702384764
44	53	-0.23899152091189535
45	52	-2.096384242558088
46	51	-1.7205631580181944
47	50	-5.112078636323076
48	49	-5.253551191750375
49	48	-5.242584669231292
35	63	-2.0563825738579453
36	62	-2.2442031468685855
37	61	-2.431878144932398
38	60	-1.8388934919767053
39	59	-1.9439236427635933
40	58	-1.8163853533678775
41	57	-0.9324057306534996
42	56	-0.3805163964161693
43	55	-0.06189472772598492
44	54	-0.47541188846616933
45	53	-1.221483161751621
46	52	-1.5489445437751783
47	51	-3.695904691452597
48	50	-5.095575104942327
49	49	-6.863847043515307
36	63	-2.041860923682407
37	62	-2.338330286735072
38	61	-2.338330286735072
39	60	-1.9744499683852155
40	59	-1.9373657404719324
41	58	-0.9966158945139796
42	57	-0.8716043360930144
43	56	-0.09875094988933597
44	55	0.007583807599985448
45	54	-1.2082770150698252
46	53	-1.2173592920767078
47	52	-3.7990283585729685
48	51	-3.3839649485028076
49	50	-7.037738583765531
50	49	-7.037738583765531
36	64	-2.0270103094742353
37	63	-2.003763191248254
38	62	-2.3075928007660877
39	61	-2.077457729023081
40	60	-1.9678560740442208
41	59	-1.69025636708011
42	58	-0.9149670774672813
43	57	-0.22731099586690107
44	56	-0.08876539428615615
45	55	-0.5651654559737835
46	54	-1.20862249544939
47	53	-2.495344335382015
48	52	-3.372647164101636
49	51	-5.267408486728073
50	50	-7.089181209005119
36	65	-1.5632363343177076
37	64	-1.9971321237071606
38	63	-1.7619368972602842
39	62	-2.070588482363746
40	61	-2.070588482363746
41	60	-1.7600159211983737
42	59	-1.8494281265525387
43	58	-0.4208556715279883
44	57	-0.08372024420486923
45	56	-0.5096533468445159
46	55	-0.5517880585512103
47	54	-2.4510034683503363
48	53	-2.444735431270601
49	52	-5.249965239312132
50	51	-5.215762421829595
37	65	-1.5448795990093913
38	64	-1.9905880330707078
39	63	-1.6205929984116665
40	62	-2.0638093531026698
41	61	-1.5032674994408808
42	60	-1.5309309214044333
43	59	-1.202927763740945
44	58	-0.22582117681645286
45	57	-0.3699533498775054
46	56	-0.560660901659503
47	55	-1.6754975985713827
48	54	-2.4789314821582593
49	53	-3.8830686686885656
50	52	-5.155089330048895
51	51	-3.492935175879893
37	66	-1.522393228310193
38	65	-1.483886708604814
39	64	-1.846488160717854
40	63	-1.5898263052092716
41	62	-1.6931606201114846
42	61	-1.8161805517879657
43	60	-1.204179301862041
44	59	-0.8221246032717318
45	58	-0.43234191143005773
46	57	-0.24188913035368387
47	56	-1.6488501706412535
48	55	-1.5957006214928242
49	54	-3.855663033825749
50	53	-3.65418343742067
51	52	-3.3833270773570803
37	67	-1.2979702345669466
38	66	-1.4791192341517672
39	65	-1.5651785790139456
40	64	-1.558618720716595
41	63	-1.3332224882778974
42	62	-1.8012951257901477
43	61	-1.5636729058669516
44	60	-1.1692276520693667
45	59	-0.7561530897874036
46	58	-0.2411149968133941
47	57	-1.0690224681386553
48	56	-1.644407862240996
49	55	-2.522588161308022
50	54	-3.6424327622398778
51	53	-2.4677148680361825
52	52	-3.2028116117965055
38	67	-1.2893331736440814
39	66	-1.5711817003962096
40	65	-1.5568087592939719
41	64	-1.3319904784043501
42	63	-1.3289797264842491
43	62	-1.6771758441750535
44	61	-1.3586849002838335
45	60	-0.7537541420065281
46	59	-0.0663476116453694
47	58	-1.158503242687857
48	57	-0.9390533324217358
49	56	-2.514557565004452
50	55	-2.7047603035375687
51	54	-2.478426575401272
52	53	-2.478426575401272
38	68	-1.2889125142678495
39	67	-1.3595716110196463
40	66	-1.548172623124401
41	65	-1.2470199443496313
42	64	-1.5634369917775075
43	63	-1.5476638487687069
44	62	-1.3552156902962906
45	61	-0.9117542840629085
46	60	-0.29757210843467874
47	59	-0.8442517431703891
48	58	-1.0622662510595546
49	57	-1.4255969807643396
50	56	-2.6962327366700265
51	55	-1.552637669254409
52	54	-2.3731170619721524
53	53	-1.1248292945147114
38	69	-1.4953891922291405
39	68	-1.346477044033918
40	67	-1.3510449696927935
41	66	-1.2435620272206052
42	65	-0.9932090972451988
43	64	-1.5101334657722418
44	63	-1.3695887006556404
45	62	-0.9089105522482441
46	61	-0.3531932955472712
47	60	-1.033129721776504
48	59	-0.39121738205926704
49	58	-1.4534453615990515
50	57	-1.2545590137219733
51	56	-1.6234486118587483
52	55	-1.6699873819140976
53	54	-1.1213103468273857
39	69	-1.503448336771953
40	68	-1.34231232987986
41	67	-0.9270566720638271
42	66	-1.1589564675982729
43	65	-1.0996212455866043
44	64	-1.3419414643230994
45	63	-1.050897421993568
46	62	-0.6082523796067107
47	61	-1.0516607214419764
48	60	-0.6283626718739015
49	59	-0.7801021599736941
50	58	-1.376275305241279
51	57	-0.6722211282369699
52	56	-1.6982495994589044
53	55	-0.7744679089689726
54	54	-1.304542949919778
39	70	-1.4988409683105601
40	69	-1.4988409683105601
41	68	-0.9005081637553758
42	67	-0.9242053581701839
43	66	-1.0957484141301848
44	65	-1.0487072340540635
45	64	-1.026207802852241
46	63	-1.0178221051596665
47	62	-1.0484412662242448
48	61	-0.30296146896580467
49	60	-0.7777138090696099
50	59	-0.6357854892919477
51	58	-0.8470180861700101
52	57	-1.0167656297342091
53	56	-0.8249087054787196
54	55	-0.8249087054787196
40	70	-1.4942896284073868
41	69	-0.9192549526480889
42	68	-0.8977632912024092
43	67	-0.9031151818189755
44	66	0.30319626895152396
45	65	-0.11152811276133434
46	64	-1.019378855859486
47	63	-1.3718624601988267
48	62	-0.5572106820020508
49	61	-0.2874967666082284
50	60	-0.24314754824490592
51	59	-0.13962892531822035
52	58	-1.1284040266054944
53	57	-0.5705446309789295
54	56	-0.8408513897347802
40	71	-1.1473314435068005
41	70	-0.9098140708611027
42	69	-0.9164825505854424
43	68	-0.8977113433420527
44	67	-0.01010608133151436
45	66	-0.11119764688510259
46	65	-0.11119764688510259
47	64	-1.3607536565239116
48	63	-0.7109031896841316
49	62	-0.38602929901685457
50	61	0.32361145581649
51	60	-0.13920079659146722
52	59	-1.088481178386246
53	58	-0.5688233992282221
54	57	-0.6686870020596416
55	56	-0.3754618742329967
40	72	-1.311498577598968
41	71	-0.943999890829673
42	70	-0.9643364064866091
43	69	-0.5046383661074287
44	68	-0.036830517074577074
45	67	-0.40189202007854874
46	66	-0.11087114049428237
47	65	-0.7502754690822258
48	64	-0.9439273710515863
49	63	-0.4603491125412802
50	62	0.3826407289325289
51	61	0.1329815743868039
52	60	-1.2181225645431368
53	59	-0.6453808516216668
54	58	-0.732537860282946
55	57	-0.38218627029482377
40	73	-0.9267433116910979
41	72	-0.970985375029386
42	71	-0.970985375029386
43	70	-0.32438121161294475
44	69	-0.32438121161294475
45	68	-0.4007106122089681
46	67	-0.4007106122089681
47	66	-0.7565996725470541
48	65	-1.2458195470644569
49	64	-0.10136308355868096
50	63	0.49903228036987457
51	62	0.46541463980042863
52	61	-1.2104267474276185
53	60	-0.9635022340698924
54	59	-0.9735818464689601
55	58	-0.5438642519459336
56	57	-0.5550637486587675
41	73	-0.42156037162703797
42	72	-0.1730468682474111
43	71	-0.6697646022662411
44	70	-0.32343747438835635
45	69	-0.6988986650771949
46	68	-0.417451865352632
47	67	-0.9987692463660096
48	66	-1.3531723151268125
49	65	-0.20082762417359845
50	64	0.40978069922607574
51	63	0.3869075752734261
52	62	-1.2068811560516224
53	61	-0.9192820824814589
54	60	-1.1030315185339532
55	59	-1.178942791350437
56	58	-0.6743603472768882
41	74	-0.3112444012690503
42	73	-0.4385777587899611
43	72	-0.6674095085809313
44	71	-0.6678253664645126
45	70	-0.6968746022796495
46	69	-0.6968746022796495
47	68	-1.0232875130946013
48	67	-0.9488846711303722
49	66	-0.42066470664667577
50	65	0.6268079967110225
51	64	0.38578666946636986
52	63	-1.42829534090788
53	62	-0.9166073910296291
54	61	-1.064966599533136
55	60	-1.4616801160987052
56	59	-1.4647007316862073
41	75	-0.7436714710290744
42	74	-0.3103531510969333
43	73	-0.9293610355048258
44	72	-0.6654958379103846
45	71	-1.0336868766235057
46	70	-0.6948738900439366
47	69	-1.3442010620074143
48	68	-0.9930146213648641
49	67	-0.9433198858837386
50	66	0.7549287882984572
51	65	0.15914779593072126
52	64	-1.4837615010494574
53	63	-1.2083874672287038
54	62	-1.0652209769184537
55	61	-1.55829984537786
56	60	-1.4284950442051922
57	59	-1.8993337684842118
42	75	-0.741553070665077
43	74	-0.7604680033180102
44	73	-0.9267149867418993
45	72	-1.075775907933803
46	71	-1.0307413612595155
47	70	-1.3403701677436857
48	69	-1.3636564303833438
49	68	-0.8546265078668966
50	67	-0.37310606758865106
51	66	0.049096467270828725
52	65	-1.4850106196388424
53	64	-1.2100895049884457
54	63	-1.2468756208043033
55	62	-1.5538522535168795
56	61	-1.6234226510032386
57	60	-1.96768527244717
42	76	-0.5660181927569283
43	75	-1.1909155386006205
44	74	-0.7583226814645059
45	73	-1.3214251056779176
46	72	-1.059067907640383
47	71	-1.6708089101052792
48	70	-1.3598032955537747
49	69	-1.4200973016145326
50	68	-0.6011244412493397
51	67	-0.34017110971717557
52	66	-0.14125361174387763
53	65	-1.1557251057979556
54	64	-1.243346340356311
55	63	-1.6570654482811733
56	62	-1.7683606575590147
57	61	-2.2495397040029275
42	77	-1.165912941381066
43	76	-1.0047009170498313
44	75	-1.180729002865064
45	74	-1.1987561316873325
46	73	-1.2622929050876337
47	72	-1.6939719107699602
48	71	-1.6225531158008835
49	70	-1.4161146382839433
50	69	-1.2517995430805513
51	68	-0.27110666630073865
52	67	-0.39739137783499245
53	66	-1.1524823682580063
54	65	-1.165598079809115
55	64	-1.656508418669091
56	63	-1.6347460958863849
57	62	-2.243226793180611
58	61	-2.4409124123862966
43	77	-1.592992415617573
44	76	-1.001911254084007
45	75	-1.643892313298693
46	74	-0.9075031745439901
47	73	-1.7215450395055996
48	72	-1.4027785892121756
49	71	-1.7728997266390252
50	70	-1.0275364648912273
51	69	-0.8563169913813908
52	68	-0.39628304139364445
53	67	-1.0333612838940098
54	66	-1.162355893045742
55	65	-1.4494593377112324
56	64	-1.630195676799758
57	63	-2.2362532590723276
58	62	-2.434117948783296
43	78	-1.5886010154945325
44	77	-1.5886010154945325
45	76	-1.501680117322394
46	75	-1.5097942219422293
47	74	-1.2534191646527688
48	73	-1.9041741154287593
49	72	-1.7472589572921606
50	71	-1.685249445480622
51	70	-0.6259620089958844
52	69	-1.016768993050846
53	68	0.14343403239672625
54	67	-1.0058571545914674
55	66	-1.4454594319608987
56	65	-1.3411576253060957
57	64	-2.247842148909058
58	63	-2.408993467071923
59	62	-3.1795450501956566
43	79	-2.4887947182178323
44	78	-1.454243386552207
45	77	-2.0757840232840863
46	76	-1.1256396223266165
47	75	-2.0693227190377
48	74	-0.982933176093411
49	73	-2.419190626319505
50	72	-0.6974624174299606
51	71	-1.1084817978789943
52	70	-0.983930983872142
53	69	-0.537631482533925
54	68	-0.9997312932582645
55	67	-1.3280883704819644
56	66	-1.4178870628397817
57	65	-1.940803178502847
58	64	-2.4023987335338006
59	63	-3.0970221411207604
44	79	-2.568943937558288
45	78	-2.045999721867247
46	77	-2.045999721867247
47	76	-2.063705608163673
48	75	-1.9099870441200437
49	74	-2.4126253499093764
50	73	-1.990395893580171
51	72	-0.9925406777042554
52	71	-1.288738100039609
53	70	-0.46414723830230287
54	69	-0.8029799940668454
55	68	-1.3009039385719916
56	67	-1.277456229111067
57	66	-1.9181571188314592
58	65	-2.0348138310587274
59	64	-3.088610757140941
44	80	-1.1002655232068719
45	79	-2.719405259697396
46	78	-1.4149111736592204
47	77	-2.974258043027021
48	76	-1.5618547154940643
49	75	-3.392913447131832
50	74	-1.985042066625283
51	73	-1.517886884278596
52	72	-1.1024823334614666
53	71	-1.1180738638863659
54	70	-0.8843585844742847
55	69	-1.1036219279985744
56	68	-1.3193761751190323
57	67	-1.7672261349744076
58	66	-1.9303223831952891
59	65	-2.654705885763633
60	64	-2.9657494856737685
44	81	-2.732590617605183
45	80	-2.5573894335061595
46	79	-2.399339170800431
47	78	-2.772218861656711
48	77	-2.69337310658193
49	76	-3.5134075983946786
50	75	-3.6460475756816777
51	74	-1.5138232020840405
52	73	-1.642900787216604
53	72	-0.6705715911884909
54	71	-0.9549901052414498
55	70	-1.0377495646002899
56	69	-1.0570795514290694
57	68	-1.7609500593371195
58	67	-1.7753400743704333
59	66	-2.635003789941038
60	65	-2.481190175800293
45	81	-3.864456443520794
46	80	-2.19600860237324
47	79	-4.067603084842631
48	78	-2.8327443964512895
49	77	-4.8166045859757105
50	76	-3.6363879750110755
51	75	-2.424443660592715
52	74	-1.5098026249047507
53	73	-1.1971678642498773
54	72	-1.092730997538638
55	71	-0.8165308660400115
56	70	-1.0542823356004192
57	69	-1.4507820048461326
58	68	-1.7799967664163887
59	67	-2.5611112931669595
60	66	-2.628018487893769
61	65	-2.6876486287987973
45	82	-3.640932471926135
46	81	-3.854294085228048
47	80	-3.784340144021371
48	79	-3.920960800978264
49	78	-4.765307494636545
50	77	-4.760821015979218
51	76	-2.2426772054923276
52	75	-2.4199169400599203
53	74	-0.6072672851960306
54	73	-1.1577588574318725
55	72	-0.8385940241332719
56	71	-0.6758013739163289
57	70	-1.4497366120863262
58	69	-1.4273482442508794
59	68	-2.554377251762162
60	67	-2.4257750418328214
61	66	-2.8918434116412755
45	83	-2.0048002883668232
46	82	-3.6314332284632656
47	81	-5.37362567612081
48	80	-3.7744685076568203
49	79	-5.876835490741541
50	78	-4.744063832696611
51	77	-3.376199402295242
52	76	-2.3897559647889466
53	75	-1.4074767889896975
54	74	-1.153127825105912
55	73	-0.6940942776441261
56	72	-0.8707278922211117
57	71	-0.9002225751028163
58	70	-1.4431951800766
59	69	-2.27183580412202
60	68	-2.404750484916349
61	67	-2.654344012527872
62	66	-2.6735734291728477
46	83	-1.9996126885034755
47	82	-5.2078585653744085
48	81	-5.347804056114001
49	80	-5.876387624187373
50	79	-5.893419610299134
51	78	-3.30990430447946
52	77	-3.4601040095326425
53	76	-1.3197584810204717
54	75	-1.7026925038094305
55	74	-0.7729018942563926
56	73	-0.6491380900629338
57	72	-1.1318233701094869
58	71	-0.8853090077309389
59	70	-2.258638362590773
60	69	-2.156824384439915
61	68	-2.6474704745414783
62	67	-2.6351070682962927
46	84	-1.7651948336824717
47	83	-3.640502149529766
48	82	-5.194479756623423
49	81	-7.179837628088535
50	80	-5.861291521654493
51	79	-4.54052439864472
52	78	-3.0515202111205326
53	77	-2.281601926521944
54	76	-1.4002100609400259
55	75	-1.2216580647118462
56	74	-0.7406357066629425
57	73	-0.8194943973203408
58	72	-1.0442716788493271
59	71	-1.8609156703073495
60	70	-2.1396271118542245
61	69	-2.555407871364423
62	68	-2.6283368724357388
63	67	-2.4885476418658072
46	85	-0.3531325648909842
47	84	-3.3383046775520597
48	83	-3.5121491088812036
49	82	-7.216845414824093
50	81	-7.216845414824093
51	80	-4.411395202960648
52	79	-4.253791167710915
53	78	-2.122264238346361
54	77	-2.2757754039239444
55	76	-1.280807703262326
56	75	-1.1210298555847658
57	74	-0.8795046782274767
58	73	-0.817410433619898
59	72	-1.7002904637074607
60	71	-2.048143855717626
61	70	-2.548980172732172
62	69	-2.548980172732172
63	68	-2.665318018527614
47	85	-1.910940917897733
48	84	-3.329861426140724
49	83	-5.477574702935726
50	82	-7.218864090240459
51	81	-5.599649083475924
52	80	-4.1270440721191335
53	79	-3.1909216185949845
54	78	-2.2700078718080476
55	77	-1.3440958127162048
56	76	-1.2790493289535334
57	75	-1.0808339617001366
58	74	-0.8795514714897763
59	73	-1.2750936435204494
60	72	-1.8514795170822254
61	71	-2.4518320357096854
62	70	-2.5425312546276473
63	69	-2.456542359206651
47	86	-1.9061474887989789
48	85	-2.1085007512228913
49	84	-5.4350102546759445
50	83	-5.475946136691164
51	82	-5.6112680653832285
52	81	-5.608925471291968
53	80	-3.111832850022438
54	79	-3.2216454143031115
55	78	-1.436451471662167
56	77	-1.2047325051617008
57	76	-1.0442248431954795
58	75	-1.048073339675284
59	74	-1.279167652520755
60	73	-1.1925206981300107
61	72	-2.4536384289003763
62	71	-2.4456791391894512
63	70	-2.451932394245432
64	69	-2.451932394245432
48	86	-1.9014018902403222
49	85	-4.166122425486719
50	84	-5.362755760798336
51	83	-4.019967964317402
52	82	-5.5313774802671105
53	81	-4.393376916720172
54	80	-2.8777323466151756
55	79	-2.5143708050254645
56	78	-1.4328656298512215
57	77	-0.7734341579734973
58	76	-1.075438552333253
59	75	-1.2107038335966536
60	74	-1.2759808510199946
61	73	-1.5975953926185866
62	72	-2.4395876342059637
63	71	-2.3840686379830913
64	70	-2.446973735191932
48	87	-0.7997123960817589
49	86	-4.09684195881573
50	85	-3.923380147935859
51	84	-4.010011142807798
52	83	-3.87863024848275
53	82	-4.29205967093867
54	81	-4.382498480076265
55	80	-2.091679745763031
56	79	-2.5081432449433123
57	78	-0.7492430247302764
58	77	-0.736074858198208
59	76	-1.1083829373533263
60	75	-1.1732988162216316
61	74	-1.2629225991959174
62	73	-1.5936434712525624
63	72	-2.3781711007986814
64	71	-2.338757652989443
65	70	-2.057398860387366
49	87	-2.9750102351586065
50	86	-3.913744655017581
51	85	-2.570612434687064
52	84	-3.6843057891010176
53	83	-2.8301376049680584
54	82	-4.281510193476606
55	81	-3.0578980185778164
56	80	-2.1483936100175924
57	79	-1.1062809742611535
58	78	-0.7473992973955319
59	77	-0.5503204753435966
60	76	-1.105664282305952
61	75	-1.0812035275598646
62	74	-1.3105857714090234
63	73	-1.6260743824914243
64	72	-2.3250090975911917
65	71	-2.074977052833674
49	88	-2.987070845936614
50	87	-2.8128732477935046
51	86	-2.563407492852548
52	85	-2.4121115202678993
53	84	-2.6106948574010858
54	83	-2.7375761221414905
55	82	-3.4959836054390507
56	81	-3.0504362182809928
57	80	-1.2144511222008987
58	79	-1.0054715920223316
59	78	-0.3990527638125059
60	77	-0.5262490264685766
61	76	-1.1359122241442492
62	75	-1.1011913909255782
63	74	-1.4905980034400272
64	73	-1.6375774911371082
65	72	-2.083174412792232
50	88	-2.806066741036375
51	87	-1.4680789368658225
52	86	-2.233161051339266
53	85	-1.5139637591682913
54	84	-2.449613645465888
55	83	-1.8389215028587387
56	82	-3.4875151235287376
57	81	-2.2584666990019286
58	80	-1.199421734907446
59	79	-0.5957888126695252
60	78	-0.3980849993886295
61	77	-0.4867255977678724
62	76	-1.098531393921803
63	75	-1.3585874020973279
64	74	-1.4869909850458498
65	73	-1.5997925079891502
66	72	-2.0781288051343836
50	89	-2.0339785533128634
51	88	-1.674208211613859
52	87	-1.95564928725571
53	86	-1.7243924165677527
54	85	-1.7708040695101772
55	84	-1.776213851200282
56	83	-1.8642536693009788
57	82	-2.2814242918734635
58	81	-2.2530340084090312
59	80	-0.6570347183810554
60	79	-0.5943569286541788
61	78	-0.48415005467495575
62	77	-0.4855551019336417
63	76	-1.405186634630354
64	75	-1.347964992485231
65	74	-1.4487053492907762
66	73	-1.5997752697057877
50	90	-2.029128537593806
51	89	-0.8869263848209812
52	88	-1.993775039146385
53	87	-0.9838935105649398
54	86	-1.720272624826066
55	85	-0.9034111435921659
56	84	-1.6715278111278167
57	83	-0.9018522266273976
58	82	-2.283687556363475
59	81	-1.6172310661681877
60	80	-0.5900011647327119
61	79	-1.3213135287414843
62	78	-0.566317910564976
63	77	-0.6680069103799724
64	76	-1.4018388711938314
65	75	-1.2253221445744202
66	74	-1.4439684730923545
67	73	-1.5194080291685168
51	90	-1.2302997345841504
52	89	-1.3702902292102408
53	88	-1.0079393153432648
54	87	-0.993914350218347
55	86	-0.9000563988756767
56	85	-0.9012630621523385
57	84	-0.8997080928593277
58	83	-0.9453675186250621
59	82	-1.4990793423153264
60	81	-1.6787041064440018
61	80	0.2728754069567003
62	79	-1.3181861670359467
63	78	-0.634630372553147
64	77	-0.9015678722116718
65	76	-1.3818648630040116
66	75	-1.2224223966450154
67	74	-1.5111308318714691
51	91	-0.7820915196239184
52	90	-1.3670594798404636
53	89	-0.45374634542213244
54	88	-0.9945488383286829
55	87	-0.4989172307168701
56	86	-0.8543359286677514
57	85	-0.07393350884012762
58	84	-0.6235725138149064
59	83	-0.195917684806318
60	82	-1.4955492946937738
61	81	-1.1960726708343827
62	80	0.2722309060604857
63	79	-1.320733741309141
64	78	-0.6331432898705316
65	77	-1.0345792772600362
66	76	-1.3786189358306729
67	75	-1.2030503844193845
68	74	-1.5127841661378625
52	91	-0.8808454234172132
53	90	-0.4795471155521227
54	89	-0.47907117455361004
55	88	-0.4935286772079053
56	87	-0.49592540535331864
57	86	-0.18558592678255081
58	85	-0.18189789056214067
59	84	-0.16712292183638056
60	83	-0.16712292183638056
61	82	-1.1227773407435961
62	81	-1.2483821511586939
63	80	-1.2466293984994081
64	79	-1.317654494469025
65	78	-1.0072237402282553
66	77	-1.0462950999881286
67	76	-1.3807242760635745
68	75	-1.27686990888742
52	92	-0.7919760468716959
53	91	-0.06262222810801177
54	90	-0.46501227702719916
55	89	-0.03529420010272588
56	88	-0.44848348075629474
57	87	-0.07556301847080249
58	86	-0.21931133462612706
59	85	0.2170430187597958
60	84	0.2932683279545927
61	83	0.2703253643039716
62	82	-1.1201748086837142
63	81	-1.052478456186691
64	80	-1.2935014294180291
65	79	-1.695593225967059
66	78	-1.0048907690320448
67	77	-1.1711150073888348
68	76	-1.3649787260501398
69	75	-1.1705239525617799
52	93	-0.649656078051521
53	92	-0.09907545233181736
54	91	-0.1102052507199005
55	90	-0.035205796587433724
56	89	0.009481992567543784
57	88	-0.1688865816604448
58	87	-0.14614423407238064
59	86	0.1635950538770885
60	85	0.3839604768090794
61	84	0.6469650509984604
62	83	0.2697118075830076
63	82	-1.1312260162353596
64	81	-1.050057999668752
65	80	-1.6643600486445393
66	79	-1.6636542881951755
67	78	-1.3069288328165385
68	77	-1.1684198446610026
69	76	-1.3157768176552054
53	93	-0.1536534812635182
54	92	-0.1449771190455067
55	91	0.2861307239704729
56	90	0.003524479739553499
57	89	0.18880082661826236
58	88	-0.16850475755109073
59	87	0.06196573589795662
60	86	0.028406507816725934
61	85	0.7593337109287859
62	84	0.6454920263367967
63	83	0.42247678603962413
64	82	-1.142248517425287
65	81	-1.169184919684085
66	80	-1.66056262805796
67	79	-1.9193744269441595
68	78	-1.3039419344240741
69	77	-1.1602212277930448
53	94	-0.15330110061631785
54	93	-0.2767629421341553
55	92	0.17902811650310468
56	91	0.21607784401567187
57	90	0.1621994655602066
58	89	0.1621994655602066
59	88	-0.16205799743875104
60	87	-0.05792972994868251
61	86	-0.05013263635964904
62	85	0.18566634721855735
63	84	0.46507614131678565
64	83	0.4215198479832907
65	82	-1.0984700208591676
66	81	-1.187185495492031
67	80	-1.957609874717491
68	79	-1.8691095240783397
69	78	-1.889466193394128
54	94	-0.276138295236251
55	93	-0.14341399857130455
56	92	0.19524658539921802
57	91	-0.026947454773107893
58	90	0.13296485249020407
59	89	-0.04119760869298261
60	88	-0.21224032501550028
61	87	-0.1206656945787472
62	86	-0.05002300561682205
63	85	0.04734475637724245
64	84	0.6156670168352321
65	83	0.14991653859215148
66	82	-0.973208919274839
67	81	-1.6789780548224371
68	80	-1.950786246025018
69	79	-2.52540330795955
70	78	-1.8852053041318868
54	95	-0.6153541652829517
55	94	-0.24567892363120336
56	93	-0.318520244211868
57	92	-0.033199177382812195
58	91	-0.026892913954270625
59	90	-0.25049859010869113
60	89	-0.17215644361476734
61	88	-0.15272917795846297
62	87	-0.11416128568225758
63	86	-0.19592046030538768
64	85	0.19384853844394456
65	84	0.03462982599012321
66	83	0.14957804130517616
67	82	-1.3425561854146508
68	81	-1.659593865025272
69	80	-2.556175028926191
70	79	-2.5542914203533655
54	96	-0.6062528317374927
55	95	-0.6793016889464525
56	94	-0.31267434933624827
57	93	-0.560687365616559
58	92	-0.033131794412838644
59	91	-0.5081843134817063
60	90	-0.2855762563440294
61	89	-0.20996158262641984
62	88	-0.15239488096085552
63	87	-0.3654058084139251
64	86	-0.15209661685685205
65	85	-0.28829150185401886
66	84	0.8413449606691756
67	83	-0.5411058196573322
68	82	-1.1709417319507338
69	81	-2.0646371446546254
70	80	-2.5486065198583674
71	79	-2.9067973569726746
55	96	-0.592321805622305
56	95	-0.6937638225313094
57	94	-0.5927454290931564
58	93	-0.5927454290931564
59	92	-0.637283373178434
60	91	-0.637283373178434
61	90	-0.3297230298321665
62	89	-0.20950129687435037
63	88	-0.4025157645469335
64	87	-0.3646020550904723
65	86	-0.41416467466569884
66	85	0.13233611691566693
67	84	-0.6610293910434848
68	83	-0.5399109695972584
69	82	-1.8694136233780227
70	81	-2.060071914108903
71	80	-2.943168323300597
55	97	-1.177045355221253
56	96	-0.6922456265770052
57	95	-0.9587221052283894
58	94	-0.5757805862053829
59	93	-1.2619447290412609
60	92	-0.7062534373467315
61	91	-0.676272574100949
62	90	-0.2788851717191392
63	89	-0.44597041108636404
64	88	-0.4078214084474894
65	87	-0.5372684721214682
66	86	-0.4132578106582514
67	85	-0.30028860673246527
68	84	-0.7715643888495833
69	83	-1.1893757522893793
70	82	-1.5437692805371626
71	81	-2.695316480447673
56	97	-1.221759482723428
57	96	-0.9600842308946085
58	95	-0.9600842308946085
59	94	-1.2537645456613973
60	93	-1.2537645456613973
61	92	-0.7932677920048263
62	91	-0.7932677920048263
63	90	-0.5158099618047345
64	89	-0.4450041114741907
65	88	-0.48192385943320915
66	87	-0.47805585951618923
67	86	-0.447979079707693
68	85	-0.2755642983229336
69	84	-1.423533933327235
70	83	-0.9017129304111222
71	82	-2.6421424328832472
72	81	-2.748050235611572
56	98	-1.219116497228697
57	97	-1.5275617156416956
58	96	-0.9159268434709702
59	95	-1.6739585732143496
60	94	-1.2827004655468954
61	93	-1.4224813290215934
62	92	-0.8614799805573057
63	91	-0.8737140084008388
64	90	-0.510377458115272
65	89	-0.4978620583533484
66	88	-0.5281522425425464
67	87	-0.5727069069062054
68	86	-0.3557996131530672
69	85	-0.7379322784063334
70	84	-1.4204489377120808
71	83	-1.893505740987166
72	82	-2.7161997207158493
57	98	-1.5750512293593601
58	97	-1.5699168516439386
59	96	-1.670356436214206
60	95	-1.670356436214206
61	94	-1.4435852822443849
62	93	-1.4194233521138813
63	92	-0.9785301025049193
64	91	-0.8718368345384988
65	90	-0.5035455898305372
66	89	-0.4967942787116044
67	88	-0.5101380082132891
68	87	-0.44671706317058124
69	86	-0.7820591900417639
70	85	-0.6694293900732191
71	84	-1.9373123407613093
72	83	-1.7103917804306548
73	82	-3.8074017242752234
57	99	-1.5172024976573084
58	98	-1.5716874510262642
59	97	-2.3901282894662472
60	96	-1.6888800778224322
61	95	-1.8815600179696048
62	94	-1.4396484182020686
63	93	-1.5311351618693152
64	92	-0.9489315341138536
65	91	-0.8233840701436748
66	90	-0.5024775415604381
67	89	-0.5048815961531545
68	88	-0.5664455010751226
69	87	-0.6557806844066363
70	86	-0.7532662644189259
71	85	-1.1064156651891608
72	84	-1.8853799588559923
73	83	-2.6009610970845642
57	100	-1.513981561134642
58	99	-1.6018522527178902
59	98	-2.3850487399668054
60	97	-2.3822739712509247
61	96	-1.8775631573571445
62	95	-1.8775631573571445
63	94	-1.4991423246656268
64	93	-1.5360369286900095
65	92	-0.8643608657630466
66	91	-0.8216401690519888
67	90	-0.5005682790906576
68	89	-0.45681024158875516
69	88	-0.6176848362756573
70	87	-0.650341782176838
71	86	-1.202193565124162
72	85	-1.104063752635284
73	84	-2.638960959659471
74	83	-2.5531898672666102
58	100	-1.5984756783127523
59	99	-2.386473466596726
60	98	-2.388584680578333
61	97	-2.628030510053577
62	96	-1.9214756088181275
63	95	-1.9402003218674508
64	94	-1.4959858790762155
65	93	-1.3997700602703844
66	92	-0.8625372626288481
67	91	-0.8074444989597396
68	90	-0.5027520649000508
69	89	-0.3759787777103156
70	88	-0.6212122913125313
71	87	-1.0927030324714906
72	86	-1.1759380482544657
73	85	-1.8416548852560481
74	84	-2.6333838220880352
58	101	-1.7501420391831743
59	100	-2.3814655627743377
60	99	-2.4111482643643285
61	98	-2.622518156408205
62	97	-2.622518156408205
63	96	-1.93613631199878
64	95	-1.93613631199878
65	94	-1.3968316856653473
66	93	-1.3964029003655014
67	92	-0.833397046151731
68	91	-0.7206170516642487
69	90	-0.4897893104789546
70	89	-0.3339178754740715
71	88	-1.0953280740245646
72	87	-1.019748110229557
73	86	-1.8255061965455752
74	85	-1.837788900182204
75	84	-3.60808469310723
59	101	-2.5716916441310786
60	100	-2.406120071625537
61	99	-2.649551447540489
62	98	-2.6170518496192017
63	97	-2.6510278442970048
64	96	-1.9321062601152335
65	95	-1.7663549962039724
66	94	-1.391869571697498
67	93	-1.3640023541415758
68	92	-0.8088681204017121
69	91	-0.6885871453287109
70	90	-0.3847990609219778
71	89	-0.718608469936953
72	88	-1.0881382396269146
73	87	-1.447886037209173
74	86	-1.8216975830009687
75	85	-2.7663218539637455
59	102	-2.56709967062352
60	101	-2.566361827250603
61	100	-2.6441372425292684
62	99	-2.6440607492472736
63	98	-2.6459102245398753
64	97	-2.6459102245398753
65	96	-1.7626952002469807
66	95	-1.7698042489810177
67	94	-1.346050042013303
68	93	-1.3611770132520178
69	92	-0.7403625275792365
70	91	-0.5690159101231984
71	90	-0.6170058818315738
72	89	-0.6995486843602521
73	88	-1.3926606903141874
74	87	-1.4361587133375906
75	86	-2.7054013347860746
76	85	-2.7318523185335835
60	102	-2.5552544961515196
61	101	-2.8399255843228275
62	100	-2.638692425743102
63	99	-2.653819187094996
64	98	-2.6404598511239783
65	97	-2.448089262715257
66	96	-1.7590655963085737
67	95	-1.7162784872689372
68	94	-1.3322469220993298
69	93	-1.2549918116296794
70	92	-0.685754412053484
71	91	-0.6814126849403692
72	90	-0.7156467385816541
73	89	-0.8955368420338345
74	88	-1.441908919461639
75	87	-2.1937430168513856
76	86	-2.7548965135838444
60	103	-2.697828310627301
61	102	-2.834113774142679
62	101	-2.834113774142679
63	100	-2.6068094956867753
64	99	-2.6483893445897593
65	98	-2.4026281858732546
66	97	-2.443078386741945
67	96	-1.6907023155345087
68	95	-1.7085073937669222
69	94	-1.2506352293189593
70	93	-1.2384634712743718
71	92	-0.6275536517759974
72	91	-0.5865107174863624
73	90	-0.7994944701099485
74	89	-0.9380075635172034
75	88	-2.093039205650257
76	87	-2.163627458753126
77	86	-3.5685822078162346
61	103	-2.877220677254172
62	102	-2.8272909014381185
63	101	-2.786285447917635
64	100	-2.6427510187022563
65	99	-2.4193402688706556
66	98	-2.39043854023339
67	97	-2.373999738486873
68	96	-1.6872671044466188
69	95	-1.5722412770955998
70	94	-1.2480917489683634
71	93	-1.0379028799534353
72	92	-0.6786403602100108
73	91	-0.5812380244678934
74	90	-0.8856438457160039
75	89	-1.5959391426581533
76	88	-2.184795569914513
77	87	-2.663862929471634
61	104	-2.9255289258517223
62	103	-2.871403424077471
63	102	-2.7806537560272773
64	101	-2.7806537560272773
65	100	-2.40940142788304
66	99	-2.40940142788304
67	98	-2.3692030459214948
68	97	-2.3692030459214948
69	96	-1.5615882131614853
70	95	-1.6157490021814738
71	94	-1.0358050224167528
72	93	-0.916135606466014
73	92	-0.5951339740336152
74	91	-0.5211948771834614
75	90	-1.509692352600723
76	89	-1.6263682134995179
77	88	-2.5774617511842735
78	87	-2.582174799518725
62	104	-2.91778153187488
63	103	-2.8347911361393017
64	102	-2.7698239782498604
65	101	-2.5493696337375695
66	100	-2.3990004995389427
67	99	-2.3172768987196832
68	98	-2.3615173123971545
69	97	-2.19420954771158
70	96	-1.5584514215847776
71	95	-1.3582932202020856
72	94	-1.011587423382025
73	93	-0.7265005536064564
74	92	-0.5789051389238011
75	91	-1.0225709888409256
76	90	-1.5895104535720748
77	89	-1.8636242837783357
78	88	-2.5545477884857064
62	105	-2.754440726961093
63	104	-2.904881329707223
64	103	-2.8048987650818162
65	102	-2.544271703430695
66	101	-2.544271703430695
67	100	-2.305613169170556
68	99	-2.305613169170556
69	98	-2.183290795173889
70	97	-2.2244511260032596
71	96	-1.2546002424796825
72	95	-1.3802763651210626
73	94	-0.7828698821667786
74	93	-0.6188580094076315
75	92	-1.0205307866617659
76	91	-1.055144571285382
77	90	-1.7664383832079693
78	89	-1.9510587161498734
62	106	-2.7911100295209508
63	105	-2.743907913527437
64	104	-2.8932694067530065
65	103	-2.646536616602134
66	102	-2.534975554820903
67	101	-2.437403434934822
68	100	-2.3010345292800594
69	99	-2.1686111640187846
70	98	-2.1789558106161167
71	97	-1.8277152741984537
72	96	-1.3474213718227475
73	95	-1.1314342963796662
74	94	-0.7236106181335344
75	93	-0.9415519465151192
76	92	-1.0185068164869335
77	91	-1.242116823217657
78	90	-1.9143482140998458
79	89	-2.660941193362305
63	106	-2.818570609685594
64	105	-2.7264287549305664
65	104	-2.641306628193888
66	103	-2.641306628193888
67	102	-2.4261902227931387
68	101	-2.4325920415276414
69	100	-2.0753498873446006
70	99	-2.1643272541368788
71	98	-1.8193450189551186
72	97	-1.824103228776039
73	96	-1.0828344601595745
74	95	-1.1091421484479724
75	94	-0.9259411138796168
76	93	-0.9359606329330745
77	92	-1.109791217097154
78	91	-1.3600562423252995
79	90	-2.6556834858661205
63	107	-2.589871686479455
64	106	-2.8070029934565355
65	105	-2.4815911086907363
66	104	-2.6361177405910894
67	103	-2.531731275651964
68	102	-2.4278184677086756
69	101	-2.2075729571242846
70	100	-2.15601919337405
71	99	-1.9115201676931974
72	98	-1.8022301942646664
73	97	-1.4848657899369755
74	96	-1.1069677496334407
75	95	-1.2174230130535761
76	94	-0.9378558948219506
77	93	-0.7598488275134514
78	92	-1.357386275846693
79	91	-1.9144088646303317
80	90	-2.6795961100397108
64	107	-2.584818792999158
65	106	-2.607599067371666
66	105	-2.460691551410946
67	104	-2.5147505754011945
68	103	-2.5147505754011945
69	102	-2.1937206500360844
70	101	-2.1937206500360844
71	100	-1.9175881090259281
72	99	-1.7605691436647248
73	98	-1.4511695962814883
74	97	-1.4432105022783617
75	96	-1.2150500027128146
76	95	-1.1146872796953176
77	94	-0.7583690928549913
78	93	-0.7889808818235906
79	92	-1.8762180015792183
80	91	-1.9106743136121622
64	108	-2.43024116999959
65	107	-2.383020173582281
66	106	-2.602532970786342
67	105	-2.5076785614282926
68	104	-2.4972587670163193
69	103	-2.2804966379244433
70	102	-2.181986527186382
71	101	-2.0222221662734228
72	100	-1.7732556053597364
73	99	-1.4938699112290124
74	98	-1.4790892749147133
75	97	-1.3881379249310157
76	96	-1.190811532349926
77	95	-0.7175869964717094
78	94	-0.7874524969820413
79	93	-1.1361458394540023
80	92	-1.9069687756641542
65	108	-2.271772044712634
66	107	-2.3839523242145333
67	106	-2.478135286142333
68	105	-2.478135286142333
69	104	-2.398460126772534
70	103	-2.260317226130155
71	102	-2.039740347742736
72	101	-2.0183186633266814
73	100	-1.5010444065237607
74	99	-1.3318539058032002
75	98	-1.3722425102496345
76	97	-1.3337388470436053
77	96	-0.7162017711480075
78	95	-0.5936064657680618
79	94	-1.0648997779708225
80	93	-1.3858204549633228
65	109	-2.140172461277416
66	108	-2.2674093200412244
67	107	-2.270685657609647
68	106	-2.4860732292113426
69	105	-2.2829515128964886
70	104	-2.3938591347477995
71	103	-2.1742448064151176
72	102	-2.025506029661301
73	101	-1.5281562640511765
74	100	-1.3292941965428327
75	99	-1.2220900000124857
76	98	-1.382814785472874
77	97	-0.6662691499600442
78	96	-0.6581963838743832
79	95	-0.7032537859322474
80	94	-1.3831661518142937
66	109	-2.13608561915089
67	108	-2.205725582496143
68	107	-2.270560282072438
69	106	-2.278591659673566
70	105	-2.278591659673566
71	104	-2.1700975038843353
72	103	-2.165420842604817
73	102	-1.5252402499932032
74	101	-1.3652789810662398
75	100	-1.219764384933569
76	99	-1.3047260019297937
77	98	-0.7095542261140508
78	97	-0.5950783257148942
79	96	-0.7019141967193718
80	95	-1.0452236946857738
66	110	-2.1320297924389706
67	109	-2.039428121117453
68	108	-2.201540938877315
69	107	-2.027824032724311
70	106	-2.274264893403597
71	105	-2.0352176063715888
72	104	-2.0860630534753
73	103	-1.8144898756163457
74	102	-1.36268383253082
75	101	-1.3160646868827826
76	100	-1.2989526054680027
77	99	-1.2298209226823928
78	98	-1.3866614838543683
79	97	-0.5806441885415552
80	96	-1.0432473821647363
81	95	-1.6517989145181673
67	110	-2.0435111355764093
68	109	-2.0435111355764093
69	108	-2.023995448063488
70	107	-2.023995448063488
71	106	-2.031371872548334
72	105	-2.026397418664601
73	104	-1.811068846834587
74	103	-1.6756353119531013
75	102	-1.3135864045161725
76	101	-1.3441590610636922
77	100	-1.2346778768137483
78	99	-1.2854354055984913
79	98	-0.5795526399401751
80	97	-0.8880058628528786
81	96	-1.6486857653794686
67	111	-1.4006261077693125
68	110	-2.0396802412151374
69	109	-1.875530219621396
70	108	-2.0201955921684203
71	107	-1.6441266231186091
72	106	-2.02755499128898
73	105	-1.83168165640609
74	104	-1.689112636063328
75	103	-1.485300757900859
76	102	-1.3422374245033097
77	101	-1.316119298902322
78	100	-1.2830291386967474
79	99	-0.786020022816956
80	98	-0.9102944652786391
81	97	-1.135550631586284
82	96	-1.606974399151568
68	111	-1.384053158370989
69	110	-1.8720282643198516
70	109	-1.8720282643198516
71	108	-1.6410497879569448
72	107	-1.6155289636185444
73	106	-1.7798192587533777
74	105	-1.7798192587533777
75	104	-1.560089023078035
76	103	-1.5701399269119065
77	102	-0.954287236946584
78	101	-1.3110010450996015
79	100	-0.7845470920196931
80	99	-0.8499436665329085
81	98	-1.0082195062650499
82	97	-1.4413375218873625
68	112	-1.381484015242222
69	111	-1.232781961688488
70	110	-1.868552293022276
71	109	-1.3499022009918917
72	108	-1.6125272130293524
73	107	-1.4091850963386605
74	106	-1.8484009784106092
75	105	-1.7719984483783264
76	104	-1.5672309143551502
77	103	-1.5870784259077482
78	102	-1.3053267526820491
79	101	-1.0172147137623142
80	100	-0.8483708643861974
81	99	-1.3572825045280297
82	98	-1.3405019158440155
69	112	-1.2247168816529665
70	111	-1.2247168816529665
71	110	-1.3473557125835214
72	109	-1.3474071512928276
73	108	-1.4065766131129749
74	107	-1.512150916117207
75	106	-1.7687345994099815
76	105	-1.7777274847130684
77	104	-1.143449820893693
78	103	-1.5841609817048266
79	102	-1.0153377563387949
80	101	-0.9925575500978994
81	100	-1.5728112574602164
82	99	-1.4759644854148064
69	113	-0.9176482669618053
70	112	-1.2282449434328555
71	111	-0.7741465262301972
72	110	-1.3448789610079075
73	109	-0.9508202223460103
74	108	-1.5908571780446437
75	107	-1.4585259000414226
76	106	-1.842479517531956
77	105	-1.7508439919456578
78	104	-1.3679587518045082
79	103	-1.298009478221502
80	102	-0.9907410717892162
81	101	-1.124046605093099
82	100	-1.5485984244742212
70	113	-0.9159730589171886
71	112	-0.9238383920355773
72	111	-0.9179355532510272
73	110	-0.9520889083578368
74	109	-0.9746017891420706
75	108	-1.4558649949954088
76	107	-1.5700872090028497
77	106	-1.5182162169658113
78	105	-1.7235260346474206
79	104	-0.844966276003106
80	103	-1.2871737444511382
81	102	-0.9530529101284628
82	101	-0.8564567729117698
70	114	-0.9143100112241882
71	113	-0.5952552811786518
72	112	-0.9162618900363668
73	111	-0.5959663128028296
74	110	-1.1786938221111996
75	109	-1.3086141377880267
76	108	-1.5672423845498997
77	107	-1.279353792980146
78	106	-1.65529345255527
79	105	-1.362631698190853
80	104	-1.2848424850267293
81	103	-1.1546430506759862
82	102	-0.7350625064564156
83	101	-1.2563723065022714
70	115	-0.6772284897610916
71	114	-0.6919916204838046
72	113	-0.6919916204838046
73	112	-0.6019115573658382
74	111	-0.8564455925679795
75	110	-1.306256454499362
76	109	-1.3256553351075127
77	108	-1.2770379186217724
78	107	-1.3865689981575997
79	106	-1.1432712422251825
80	105	-1.5525084367081945
81	104	-1.152564383918616
82	103	-0.6033212275333426
83	102	-1.2541120465380118
71	115	-0.5795465518785932
72	114	-0.6852124080060094
73	113	-0.4211594316598166
74	112	-0.8549046199086661
75	111	-0.8431035087510281
76	110	-1.5098207531045773
77	109	-1.1817335664100028
78	108	-1.2747386659934818
79	107	-0.8555791829467125
80	106	-1.5497266239158307
81	105	-1.2735188823439785
82	104	-0.4096884287441753
83	103	-1.2760317337556444
84	102	-1.148112900909382
71	116	-0.7497302025967656
72	115	-0.7497302025967656
73	114	-0.6276245816598021
74	113	-0.6276245816598021
75	112	-0.8416006659467712
76	111	-1.1203019441613833
77	110	-1.13726503977432
78	109	-1.1796738193202145
79	108	-1.6469800479421792
80	107	-1.6043559509212173
81	106	-1.2712518621424351
82	105	-0.5683756649650604
83	104	-1.27617865492266
84	103	-1.1621829144446565
71	117	-1.3008248743658442
72	116	-0.9568885287585545
73	115	-0.5633333829518961
74	114	-0.8486711252530768
75	113	-0.9876894725180136
76	112	-1.3670421352098856
77	111	-0.88877495514771
78	110	-1.2268683112333747
79	109	-1.6548337120630094
80	108	-1.6015124261029996
81	107	-1.3575658988665964
82	106	-0.3394554288706786
83	105	-1.1703736743793343
84	104	-1.2478273008105134
72	117	-1.2985334802920079
73	116	-1.0997378436104555
74	115	-0.8470829468642478
75	114	-1.2686372415964797
76	113	-1.2686372415964797
77	112	-1.1226945365247047
78	111	-1.3691036842255926
79	110	-1.6519161726255334
80	109	-1.6371795706313605
81	108	-1.355174946693296
82	107	-0.6245507472890495
83	106	-1.168310413398558
84	105	-1.0871621874985067
72	118	-1.5902971533460004
73	117	-1.4836780543237182
74	116	-1.2371963793348186
75	115	-1.3200660590573534
76	114	-1.4941516332460196
77	113	-1.5910410274786955
78	112	-1.558287628551625
79	111	-1.9439008285899035
80	110	-1.5313784337708967
81	109	-1.5324413421089957
82	108	-0.6234620437066951
83	107	-1.2299463584531622
84	106	-1.315624689455035
73	118	-1.81358577109404
74	117	-1.81358577109404
75	116	-1.9138056144647635
76	115	-1.9138056144647635
77	114	-1.573870339480436
78	113	-1.7326220914796977
79	112	-1.9405093471923465
80	111	-1.8857875806343145
81	110	-1.5769079594756477
82	109	-1.1877282123168698
83	108	-1.2277975293018244
84	107	-1.387366650036256
85	106	-1.2211841654916498
73	119	-1.746896911150543
74	118	-1.8104389140371495
75	117	-2.313264979889027
76	116	-1.9104816498456785
77	115	-1.7263064631270026
78	114	-1.8089144977102478
79	113	-2.4343617461349822
80	112	-1.8825156246743973
81	111	-1.9098758470308894
82	110	-1.1856718177155017
83	109	-1.1458509070403124
84	108	-1.3849606645771928
85	107	-1.2837761556229452
73	120	-2.823661868326326
74	119	-1.72504145649782
75	118	-2.4379026075193906
76	117	-2.3092674672766407
77	116	-2.1286282622745603
78	115	-2.1286282622745603
79	114	-2.370881040202221
80	113	-2.370881040202221
81	112	-2.0100662707677657
82	111	-2.2470785112273006
83	110	-1.0588817680604734
84	109	-1.2540122250588865
85	108	-1.2815580234805566
86	107	-0.4863929492571515
73	121	-2.526599279931361
74	120	-2.733522513194657
75	119	-2.285314316687618
76	118	-2.4337115191442535
77	117	-2.373919669534189
78	116	-2.238380573100585
79	115	-3.09947246549973
80	114	-2.3668083601410217
81	113	-2.6156913164331854
82	112	-2.0201795351817964
83	111	-1.3358547001930674
84	110	-1.1902660982868838
85	109	-1.1511327813814205
86	108	-1.4054400951331445
74	121	-2.532935686327619
75	120	-2.830894016206912
76	119	-2.830894016206912
77	118	-2.616943331573111
78	117	-2.767719590863635
79	116	-3.0941676293518867
80	115	-3.0941676293518867
81	114	-2.611218224935783
82	113	-3.0277444354387626
83	112	-1.084746280498166
84	111	-1.2827009095904032
85	110	-1.008467791584735
86	109	-1.2778338218058707
74	122	-2.490182888108393
75	121	-3.2068517636025717
76	120	-2.8260776308998174
77	119	-3.1742605579897827
78	118	-2.841827756427847
79	117	-3.9779548785240877
80	116	-3.0497399245136876
81	115	-3.5345907375308343
82	114	-3.148020906808597
83	113	-1.8133300788949782
84	112	-1.7241233037821075
85	111	-1.0564760231927721
86	110	-1.1472140745022443
74	123	-3.012468393409108
75	122	-3.1805293402840107
76	121	-3.208647979338366
77	120	-3.85569117912155
78	119	-3.85569117912155
79	118	-3.9712217461824366
80	117	-3.9712217461824366
81	116	-3.5286069510398193
82	115	-3.629544186534986
83	114	-1.811808242639927
84	113	-2.22433071139767
85	112	-0.9160669086450071
86	111	-1.1454471152846963
87	110	-0.5734155994659886
75	123	-3.8815874896176865
76	122	-3.166501017779865
77	121	-4.033663748820345
78	120	-3.8021512507234547
79	119	-4.812093991737584
80	118	-3.9847530998040384
81	117	-4.358961634946809
82	116	-3.571254797648635
83	115	-2.5547578056857674
84	114	-2.1294891048250975
85	113	-1.2669945867264687
86	112	-1.1435221047113373
87	111	-0.37856174495982486
75	124	-3.9174420750809986
76	123	-3.9174420750809986
77	122	-4.093056833060473
78	121	-4.02690259962128
79	120	-4.804028922752423
80	119	-4.804028922752423
81	118	-4.351654641912319
82	117	-4.264496499436973
83	116	-2.550467130601646
84	115	-2.55209321458824
85	114	-1.51619278442422
86	113	-1.3354069914598767
87	112	-0.37792175603317446
76	124	-3.9323698177317965
77	123	-4.9010711594110035
78	122	-4.086231664481602
79	121	-5.16605876532094
80	120	-4.730080054659993
81	119	-5.09005798254293
82	118	-4.258765026090259
83	117	-3.1991306007143976
84	116	-2.5721600008187124
85	115	-1.9245647389807345
86	114	-1.2627549952012487
87	113	-0.4972281699438099
76	125	-4.403622654588617
77	124	-4.929070959335149
78	123	-4.89293836087154
79	122	-5.180627516952882
80	121	-5.180627516952882
81	120	-5.094721414974629
82	119	-4.921688834540419
83	118	-3.3102478189466638
84	117	-3.173082267760037
85	116	-1.8286435302693462
86	115	-1.7092314971973792
87	114	-0.5208761920061988
88	113	-0.5240940757321368
76	126	-4.396353653170991
77	125	-5.345090518462712
78	124	-4.920932422812257
79	123	-5.99628536328828
80	122	-5.174861562012211
81	121	-5.823700771434233
82	120	-4.913564179515106
83	119	-4.05200871660918
84	118	-3.3944457995312405
85	117	-2.406766184767548
86	116	-1.7897958418816415
87	115	-0.9470373620083592
88	114	-0.49557275792631117
76	127	-3.5230078380154737
77	126	-5.336306746792616
78	125	-5.336306746792616
79	124	-6.025737369745002
80	123	-5.986432484995021
81	122	-5.819381444986902
82	121	-5.8604327482912595
83	120	-3.958057853471473
84	119	-4.1281646948177695
85	118	-2.528081540048788
86	117	-2.717231945923686
87	116	-1.064907041364222
88	115	-0.9454759571503928
77	127	-4.382210534066871
78	126	-5.327580488163221
79	125	-6.268309443821636
80	124	-6.021994675658789
81	123	-6.868419806952716
82	122	-5.8508524136086635
83	121	-4.775622351088259
84	120	-3.9515745339017485
85	119	-3.2925776897182004
86	118	-2.7127826151818226
87	117	-1.7209160358206645
88	116	-1.063158830229895
77	128	-4.230684428548557
78	127	-4.477436524241966
79	126	-6.258108134785289
80	125	-6.258108134785289
81	124	-7.044859963516956
82	123	-7.034027722918836
83	122	-4.7174169154482115
84	121	-4.767839446544713
85	120	-3.140047167407374
86	119	-3.476284899315033
87	118	-1.8766404192824666
88	117	-1.7181109393450242
89	116	-0.37014941883899155
78	128	-4.2238323977853725
79	127	-5.492330199266689
80	126	-6.247972969586954
81	125	-7.509740163340666
82	124	-7.033453137500146
83	123	-5.708237738061143
84	122	-4.317490019666366
85	121	-3.744782243813006
86	120	-3.392334121299882
87	119	-2.694887202400878
88	118	-1.8735960593494383
89	117	-1.0328480169719114
78	129	-3.684621148293445
79	128	-5.1528256964747925
80	127	-5.344159089166169
81	126	-7.4976318563421955
82	125	-7.4976318563421955
83	124	-5.666251544420447
84	123	-5.592516115583749
85	122	-3.5940781758390585
86	121	-3.7939100317398697
87	120	-2.686141145620695
88	119	-2.690537724814021
89	118	-1.1496715041394054
78	130	-3.5307437484743787
79	129	-4.63520831021242
80	128	-5.1445598694031105
81	127	-6.51585111390159
82	126	-7.485601296007644
83	125	-6.035440876121356
84	124	-5.501267937155717
85	123	-4.5371911240481495
86	122	-3.6337944039951253
87	121	-2.9714524095861634
88	120	-2.686216170046464
89	119	-1.9405896619819032
90	118	-1.1478225301511884
79	130	-4.627809850541325
80	129	-4.627809850541325
81	128	-6.3885918775768005
82	127	-6.505445342051644
83	126	-6.025795789768836
84	125	-5.954689773972859
85	124	-4.379565896589156
86	123	-4.52529257503511
87	122	-2.9470026581147977
88	121	-2.9494111871536006
89	120	-1.9374874759828344
90	119	-2.099330392108641
79	131	-4.111695065186723
80	130	-4.441992254807246
81	129	-5.674433029920692
82	128	-6.378438566560817
83	127	-5.234987202190041
84	126	-5.945218726734765
85	125	-4.81990859783582
86	124	-4.268210045366686
87	123	-3.6682222234708206
88	122	-2.9423134985254364
89	121	-2.03939844859633
90	120	-2.031435149063327
80	131	-3.9053416555088916
81	130	-5.665462404467689
82	129	-5.665462404467689
83	128	-5.066668997727902
84	127	-5.085240073535715
85	126	-4.723840468111575
86	125	-4.723840468111575
87	124	-3.4363265670331202
88	123	-3.6830850490132434
89	122	-2.083199792468349
90	121	-2.0361669122785315
91	120	-1.6004191501538116
80	132	-3.899197750601161
81	131	-5.1277551206280805
82	130	-5.656548295684843
83	129	-4.383083610603535
84	128	-4.859448746194175
85	127	-3.8150409175900677
86	126	-4.716394248197503
87	125	-3.802650532552434
88	124	-3.5964685068183826
89	123	-2.7887969045686987
90	122	-2.079914840686797
91	121	-1.5215942744844142
80	133	-3.6030320037098136
81	132	-5.119726313670981
82	131	-5.119726313670981
83	130	-4.356970252873452
84	129	-4.134212759107413
85	128	-3.863765576234073
86	127	-3.844063445536449
87	126	-3.7966853707130213
88	125	-3.7966853707130213
89	124	-2.8338555450982312
90	123	-2.7844216455573587
91	122	-1.494496427037575
80	134	-3.9305525934514662
81	133	-4.822140145329286
82	132	-5.11174761768325
83	131	-3.803948837007283
84	130	-4.1277580842051975
85	129	-3.1460095109164286
86	128	-3.6276619799368746
87	127	-2.885525758757467
88	126	-3.79075742765599
89	125	-3.1896870371406294
90	124	-2.8294310874757684
91	123	-2.1055802532928283
80	135	-3.26508267794361
81	134	-4.814661099267596
82	133	-4.814661099267596
83	132	-3.966997351019927
84	131	-3.5956997226089698
85	130	-3.1477242272972035
86	129	-3.161609174647765
87	128	-2.7121802785131877
88	127	-3.0095317249733853
89	126	-3.1847284777895766
90	125	-3.1847284777895766
91	124	-2.168647344949477
92	123	-2.1023087504217983
80	136	-3.025065957541301
81	135	-4.786717697076256
82	134	-4.90716983375296
83	133	-3.7517798965627662
84	132	-3.5901374345185104
85	131	-3.1989758498407355
86	130	-2.901171246776812
87	129	-2.205272657538899
88	128	-2.7079814899475423
89	127	-2.2609110105513537
90	126	-3.1798005677064793
91	125	-2.3405870038359353
92	124	-2.186441304425898
81	136	-4.627718609219301
82	135	-4.769503064544097
83	134	-3.7482132599079705
84	133	-3.745999137567196
85	132	-3.1719580940753076
86	131	-3.1719580940753076
87	130	-2.6644467833384624
88	129	-2.582799741316194
89	128	-2.098444165228102
90	127	-2.2574270523373343
91	126	-2.3369816973772686
92	125	-2.3369816973772686
81	137	-3.4169602667943764
82	136	-4.8429493798807925
83	135	-3.029914276490217
84	134	-3.6759052335974047
85	133	-2.3495654976131846
86	132	-3.1172453475983275
87	131	-2.291759799191823
88	130	-2.661304048303464
89	129	-1.9575211405208393
90	128	-2.0952261396569156
91	127	-1.6394517283411005
92	126	-2.3333984707564923
82	137	-3.68730966928797
83	136	-3.025286813382081
84	135	-2.5697494215128245
85	134	-2.112362680531078
86	133	-2.112362680531078
87	132	-2.220572768317652
88	131	-2.288261226179202
89	130	-1.9738478724493689
90	129	-1.954532195673437
91	128	-1.7622120398846164
92	127	-1.4973083839836363
93	126	-1.7958938649057927
82	138	-3.7730462855588485
83	137	-2.0448143024405
84	136	-2.402636302677365
85	135	-1.490532778117995
86	134	-2.0138165371458854
87	133	-1.5154279309358571
88	132	-2.0943936590506382
89	131	-1.6136507803958011
90	130	-1.9708482694604754
91	129	-1.5669352762333801
92	128	-1.766227318817073
93	127	-1.176403329517143
83	138	-2.01080461871652
84	137	-1.9435474689848888
85	136	-1.488276142653831
86	135	-1.488276142653831
87	134	-1.513129878768268
88	133	-1.513129878768268
89	132	-1.545339919691287
90	131	-1.5550961152944183
91	130	-1.5354868444933345
92	129	-1.564562984445729
93	128	-1.293242624836239
94	127	-1.1746196595458969
83	139	-1.3419525503172736
84	138	-1.823490900779234
85	137	-1.125890759615686
86	136	-1.4860330757310294
87	135	-0.9597536533947277
88	134	-1.4552454447793934
89	133	-0.9613318561259803
90	132	-1.543007346968352
91	131	-1.1466631256917026
92	130	-1.533172977859067
93	129	-1.0836939227347102
94	128	-1.291290299526736
83	140	-0.9915198232865805
84	139	-0.9915198232865805
85	138	-1.0387956404042598
86	137	-0.7050677037359492
87	136	-0.9626725820421598
88	135	-0.9626725820421598
89	134	-0.8952819487481065
90	133	-0.8952819487481065
91	132	-1.0043996637300552
92	131	-1.144940507147112
93	130	-1.0409559723871098
94	129	-1.0611952629528787
95	128	-1.0710444584328798
83	141	-0.7727015070768175
84	140	-0.9900358897398291
85	139	-0.48469681292317546
86	138	-0.6938856821943773
87	137	-0.5175985372138712
88	136	-0.8879111963469768
89	135	-0.475794089266401
90	134	-0.7788124812523165
91	133	-0.5182011951596905
92	132	-0.8275631190708737
93	131	-0.6137359824633677
94	130	-1.0393977652033755
95	129	-0.6671630147334326
84	141	-0.7715560880487828
85	140	-0.4118033446084155
86	139	-0.4629654936316001
87	138	-0.5332871252730911
88	137	-0.5322456801932276
89	136	-0.4797288055729041
90	135	-0.4797288055729041
91	134	-0.40707141892380605
92	133	-0.41958844629243686
93	132	-0.3892343120087389
94	131	-0.612816753593961
95	130	-0.5459457658307656
84	142	-0.6318747440318475
85	141	-0.3626327678252892
86	140	-0.46227622292326487
87	139	-0.3904505319519558
88	138	-0.4757131948044844
89	137	-0.16505964050065813
90	136	-0.41023047803901136
91	135	-0.051553265653637936
92	134	-0.4189638576076504
93	133	-0.09835738161973495
94	132	-0.3886524239960636
95	131	-0.23850410092563834
84	143	-0.47593354619584716
85	142	-0.34964731067975663
86	141	-0.3446548698884726
87	140	-0.38988038251181933
88	139	-0.419852705464109
89	138	-0.15392347509941828
90	137	-0.15392347509941828
91	136	-0.05996514949856646
92	135	-0.05996514949856646
93	134	-0.05666480823674647
94	133	-0.0973427126855313
95	132	-0.12287445099764227
85	143	-0.38771068621872473
86	142	-0.2620878727361742
87	141	-0.34043388125519414
88	140	-0.41924740897957236
89	139	-0.13714378770873736
90	138	-0.09976729133040863
91	137	0.1941917840899805
92	136	0.32479039461668435
93	135	0.15820227550921118
94	134	-0.04860831873793359
95	133	0.06703804219205267
85	144	-0.34436751051907777
86	143	-0.3366448868800944
87	142	-0.3278046163941326
88	141	-0.35578176980015996
89	140	-0.1299947067695939
90	139	-0.13258954270304457
91	138	0.16712132363454657
92	137	0.16712132363454657
93	136	0.34016427026153906
94	135	0.47957336678518914
95	134	0.25933506999081146
86	144	-0.2419873020267005
87	143	-0.4667774364320394
88	142	-0.327335393136309
89	141	-0.0989491089353578
90	140	-0.07055471239345934
91	139	0.003298798262676428
92	138	0.1668739822880525
93	137	0.20238060613655762
94	136	0.47887298182513405
95	135	0.19536732904634846
86	145	-0.3963721931090731
87	144	-0.36996091443779733
88	143	-0.4661115799062827
89	142	-0.09270109881981625
90	141	-0.09880313933626894
91	140	-0.052282105481936014
92	139	-0.052282105481936014
93	138	0.19496654063732421
94	137	0.18837938498700169
95	136	0.19508043484984228
96	135	0.0615332470561043
87	145	-0.6647118401738226
88	144	-0.3694330655871454
89	143	-0.32834845667548507
90	142	-0.09257230814819195
91	141	-0.17429181992156373
92	140	-0.06060558614717593
93	139	-0.19178541705605312
94	138	0.20100499365980795
95	137	-0.09692259075018228
96	136	0.0714956643705591
87	146	-0.6637674966073064
88	145	-0.6637674966073064
89	144	-0.2856261136885223
90	143	-0.3278869501036752
91	142	-0.1677017497968336
92	141	-0.17404767686730338
93	140	-0.19151884153325227
94	139	-0.19151884153325227
95	138	-0.0967886933558475
96	137	-0.09883920927177314
97	136	-0.23594178204575655
88	146	-0.5012663840616369
89	145	-0.7777549266011192
90	144	-0.2852256428327564
91	143	-0.43233105048284415
92	142	-0.2025956638462958
93	141	-0.4464734985326686
94	140	-0.25467486248135174
95	139	-0.4760355695743783
96	138	-0.0987031590116203
97	137	-0.5080383155664094
88	147	-0.7470601337736298
89	146	-0.7570897580812925
90	145	-0.7766558558582801
91	144	-0.4067650082961336
92	143	-0.4317233932106319
93	142	-0.4458436079698913
94	141	-0.4351438634321312
95	140	-0.5489303088943416
96	139	-0.5489303088943416
97	138	-0.48383296515976326
89	147	-1.0013703438908124
90	146	-0.7560253018073126
91	145	-0.891681256814536
92	144	-0.40619694780025384
93	143	-0.755486549775469
94	142	-0.43453255371969135
95	141	-0.7288617778876869
96	140	-0.548159047032641
97	139	-0.7634592505814908
89	148	-0.9999664919446332
90	147	-0.9999664919446332
91	146	-0.9233334471236958
92	145	-0.8904310421908121
93	144	-0.7544279469016146
94	143	-0.7544279469016146
95	142	-0.7278402481433659
96	141	-0.7278402481433659
97	140	-0.8399404792721725
98	139	-0.8399404792721725
90	148	-0.998570522454429
91	147	-1.1656725102520795
92	146	-0.9167248300791471
93	145	-1.2209966291266028
94	144	-0.7533752881236069
95	143	-1.0600364166389227
96	142	-0.8158424280045438
97	141	-1.207491591375856
98	140	-0.8387674425275691
90	149	-1.4366322212699743
91	148	-1.1640502100535741
92	147	-1.1640502100535741
93	146	-1.332020737716448
94	145	-1.332020737716448
95	144	-1.0585611512342439
96	143	-1.0585611512342439
97	142	-1.1056644314912774
98	141	-1.2058111542360166
99	140	-0.8970451469754153
91	149	-1.5993260256118447
92	148	-1.1624369410537838
93	147	-1.5792143801563725
94	146	-1.3374794002529597
95	145	-1.638038089249676
96	144	-1.0938768531223104
97	143	-1.4567362370753472
98	142	-1.2041400715979762
99	141	-1.1147990535373538
91	150	-1.5971161273819234
92	149	-1.5971161273819234
93	148	-1.5770354812229925
94	147	-1.5770354812229925
95	146	-1.6439988534702934
96	145	-1.6439988534702934
97	144	-1.4547245860712792
98	143	-1.4547245860712792
99	142	-1.1132575776673548
100	141	-1.198870365019502
92	150	-1.594918426762888
93	149	-2.00817202221333
94	148	-1.5748686120505226
95	147	-1.8813112888001342
96	146	-1.641738304897899
97	145	-1.991502147952815
98	144	-1.4527240394827459
99	143	-1.350221220610365
100	142	-1.111724609074372
92	151	-1.3666614686540015
93	150	-2.0054214471383602
94	149	-2.0054214471383602
95	148	-1.8787343481399148
96	147	-1.9658514012580781
97	146	-1.9887741587967867
98	145	-1.9887741587967867
99	144	-1.3483724559737311
100	143	-1.3483724559737311
93	151	-1.8003198206938578
94	150	-2.0026859305353355
95	149	-2.32043248284117
96	148	-1.9659679219907957
97	147	-2.2232557567590447
98	146	-2.1044412752412427
99	145	-2.0362652159606114
100	144	-1.4829928105218642
101	143	-1.504997279262625
93	152	-1.7881099550504587
94	151	-1.7978728968373616
95	150	-2.3022798070774115
96	149	-2.317277065520557
97	148	-2.392447923853979
98	147	-2.392447923853979
99	146	-2.0334923287209676
100	145	-2.0334923287209676
101	144	-1.5029556130921264
94	152	-1.7856895751692718
95	151	-2.1088503455466707
96	150	-2.314138779370751
97	149	-2.7409505266296037
98	148	-2.38920917024916
99	147	-2.307085948079475
100	146	-2.0190242523140114
101	145	-2.1193923755813557
94	153	-1.7010842177851373
95	152	-2.097230788815068
96	151	-2.097230788815068
97	150	-2.737254032886085
98	149	-2.737254032886085
99	148	-2.3169109337491136
100	147	-2.3169109337491136
101	146	-2.1165304640198883
95	153	-1.937530592510484
96	152	-2.094412921136609
97	151	-2.5254404191700814
98	150	-2.7383153054643117
99	149	-2.662495061066693
100	148	-2.3137964970710527
101	147	-2.391686807656697
102	146	-2.11368396171747
95	154	-1.9349382808049995
96	153	-1.9979455353559388
97	152	-2.5220615520993306
98	151	-2.5220615520993306
99	150	-2.666816010651928
100	149	-2.666816010651928
101	148	-2.396135303331903
102	147	-2.396135303331903
96	154	-1.9323598176270025
97	153	-2.362238168027943
98	152	-2.5187007355189053
99	151	-2.4509973236417864
100	150	-2.6632595487299113
101	149	-2.734151501784254
102	148	-2.3929443629895104
96	155	-1.8339439877727273
97	154	-2.3591034393139125
98	153	-2.3591034393139125
99	152	-2.4477398767121485
100	151	-2.4477398767121485
101	150	-2.7305239579791305
102	149	-2.7305239579791305
103	148	-2.7107113033935093
96	156	-1.8494119839169798
97	155	-2.213193783872157
98	154	-2.3523290488519706
99	153	-2.286319939759778
100	152	-2.4444996897127567
101	151	-2.5154660031430467
102	150	-2.726915640761945
103	149	-3.045077803674758
97	156	-2.205673346959884
98	155	-2.205673346959884
99	154	-2.2825271959600286
100	153	-2.2825271959600286
101	152	-2.5080481410195716
102	151	-2.5080481410195716
103	150	-3.0455747913811138
104	149	-3.0455747913811138
97	157	-2.015899269633337
98	156	-2.2027806232536022
99	155	-2.100027383113229
100	154	-2.2795308600298085
101	153	-2.347746858444225
102	152	-2.5047575692606188
103	151	-2.8177617719975387
104	150	-3.045233435223963
98	157	-2.013266220326841
99	156	-2.0972804434741192
100	155	-2.134888987548038
101	154	-2.338917718570883
102	153	-2.338917718570883
103	152	-2.81109026017657
104	151	-2.81109026017657
105	150	-3.156439207920812
98	158	-2.010646907530827
99	157	-1.911896950218761
100	156	-2.094547831377895
101	155	-2.2087210426598176
102	154	-2.3358736815853263
103	153	-2.65063594987987
104	152	-2.80743095962589
105	151	-2.9239790735773568
99	158	-1.9094138716764064
100	157	-1.9155150780643453
101	156	-2.205859521187449
102	155	-2.205859521187449
103	154	-2.6471994539897423
104	153	-2.6471994539897423
105	152	-2.920188527306891
99	159	-1.7266168999949514
100	158	-1.9130373159250667
101	157	-2.017576580115019
102	156	-2.206573019557254
103	155	-2.496626326513251
104	154	-2.6437807458987663
105	153	-2.7594292511903404
106	152	-2.9164176021422463
100	159	-1.7232143322089541
101	158	-2.0149831679782437
102	157	-2.0149831679782437
103	156	-2.493414540872436
104	155	-2.498136048858214
105	154	-2.7463572063616084
106	153	-2.7463572063616084
100	160	-1.7210041404741787
101	159	-1.8364148076479978
102	158	-2.0140600103168254
103	157	-2.3034711739137492
104	156	-2.4949347310139274
105	155	-2.667855442425207
106	154	-2.811617352143003
107	153	-2.478694348843419
101	160	-1.8340733412514965
102	159	-1.8340733412514965
103	158	-2.1844443714408044
104	157	-2.300531010618215
105	156	-2.664447985278457
106	155	-2.664447985278457
107	154	-2.4622491304435243
101	161	-1.7822072156104696
102	160	-1.8309575644525466
103	159	-2.0913182237654837
104	158	-2.194682160865341
105	157	-2.468282451010964
106	156	-2.659904303161966
107	155	-2.412651107639249
102	161	-1.7799528262012245
103	160	-2.0886693385800754
104	159	-2.0886693385800754
105	158	-2.4181832151725757
106	157	-2.465154152751893
107	156	-2.4134376531583257
108	155	-2.4134376531583257
102	162	-1.7777098434489744
103	161	-2.0368010164056614
104	160	-2.0869433450179713
105	159	-2.3018626676348504
106	158	-2.422409816948857
107	157	-2.21158730656407
108	156	-2.406534580622065
103	162	-2.034240946310092
104	161	-2.034240946310092
105	160	-2.2989682975739925
106	159	-2.2989682975739925
107	158	-2.203694549130887
108	157	-2.2087974103833403
109	156	-1.9647733374949894
103	163	-1.6738503860733545
104	162	-2.046569469943279
105	161	-2.2495512513823996
106	160	-2.2960884577742036
107	159	-2.0722176655317526
108	158	-2.2009254637068807
109	157	-1.8993926608736729
104	163	-1.807346184382368
105	162	-2.25679362833489
106	161	-2.25679362833489
107	160	-2.069623661053811
108	159	-2.069623661053811
109	158	-1.8908690460257276
110	157	-1.8970121361016936
104	164	-1.6813058799252758
105	163	-2.0162107560427103
106	162	-2.253988008741544
107	161	-2.028396085825989
108	160	-2.0670425749030983
109	159	-1.7527393373193263
110	158	-1.8885077635186462
105	164	-1.9427861819440295
106	163	-2.0137137426372647
107	162	-2.0258762286584897
108	161	-2.0258762286584897
109	160	-1.7505583037909673
110	159	-1.7505583037909673
105	165	-1.8554871954156624
106	164	-1.9403900577954118
107	163	-1.7557250523905168
108	162	-1.9386539330052983
109	161	-1.7081745374343882
110	160	-1.748388048542438
106	165	-1.9459324837944223
107	164	-1.7494119890598085
108	163	-1.7494119890598085
109	162	-1.7193124986879411
110	161	-1.7193124986879411
106	166	-1.8509407934252522
107	165	-1.7503551673053153
108	164	-1.7472590955039777
109	163	-1.5458691647590967
110	162	-1.7171968486309197
111	161	-1.3428816564573935
106	167	-1.2946215850543012
107	166	-1.7054882291349713
108	165	-1.748210689624102
109	164	-1.543973741641821
110	163	-1.543973741641821
111	162	-1.3412360410848123
107	167	-1.151009478886408
108	166	-1.6817304467431313
109	165	-1.5326216952216782
110	164	-1.5365903279971462
111	163	-1.1585878272808259
107	168	-0.8273850413725086
108	167	-1.1496101176971933
109	166	-1.5937887188729292
110	165	-1.5307569662036258
111	164	-1.1571778371589971
107	169	-0.6971500153085799
108	168	-0.8263887190323658
109	167	-1.1829748182371986
110	166	-1.6030589260863053
111	165	-1.4230225785795483
112	164	-1.3004084469484951
107	170	-0.6571717062070093
108	169	-0.646103663919348
109	168	-0.9773606162643773
110	167	-1.1815537352140382
111	166	-1.4213036872652083
112	165	-1.4213036872652083
107	171	-0.4395327319734861
108	170	-0.4178205572479783
109	169	-0.8604548866242112
110	168	-0.9761912094872969
111	167	-1.0370421090610762
112	166	-1.3955577152482874
113	165	-1.3512939331012603
108	171	-0.43901422898670717
109	170	-0.7018552527588326
110	169	-0.7018552527588326
111	168	-1.154819428970768
112	167	-1.0358072228564197
113	166	1.3836616767493979
108	172	-0.4384982035617213
109	171	-0.7200591053097014
110	170	-0.7010265500566675
111	169	-1.1968185087453094
112	168	-1.1681126829989807
113	167	0.6069506706489847
109	172	-0.7192101002419804
110	171	-0.7192101002419804
111	170	-1.195408428335213
112	169	-0.16984073033927416
113	168	0.3272935626846447
109	173	-0.5328760995835182
110	172	-0.7183651188279327
111	171	-1.0310417270366088
112	170	-0.2062829833075739
113	169	-0.11958092530949216
110	173	-0.6336163982959988
111	172	-0.7934159679707591
112	171	-0.5069459431733776
113	170	-0.40114592182362685
110	174	-0.54666949098646
111	173	-1.1178088783708517
112	172	-0.5063553102509104
113	171	-0.7543231358995399
114	170	-0.1193106532737147
111	174	-0.9840494647542073
112	173	-0.9840494647542073
113	172	-0.7534449505928933
114	171	-0.5639665029120806
111	175	-1.072517980504017
112	174	-0.7702531985587484
113	173	-1.2884575243533618
114	172	-0.5633140449672283
112	175	-0.9532148329044503
113	174	-1.112425393626836
114	173	-1.112425393626836
115	172	-1.0543312865738699
112	176	-0.752621962140438
113	175	-1.214403021097496
114	174	-0.41552640283953224
115	173	-1.57994824020534
113	176	-1.064864411085182
114	175	-0.8595768841087192
115	174	-1.5781365481743705
116	173	-1.6579356092915987
113	177	-1.4390060043715494
114	176	-0.8185646122492471
115	175	-1.8062699342272026
116	174	-1.576333205035553
114	177	-1.5048586501634418
115	176	-1.5619011666085498
116	175	-1.817099332606631
117	174	-2.262370449316222
115	177	-2.0509334642374597
116	176	-1.7967189979708564
117	175	-2.4270339967561085
116	177	-2.1898886951894383
117	176	-2.577723207280542
118	175	-2.4242759289600144
117	177	-3.009267853422898
118	176	-2.427424704654186
118	177	-3.090923657453459
